0,0,0,0,0,0,0,0
0.7,2.5712e-06,-0.7,2.5712e-06,0.7,2.5712e-06,0,-0.7
1.5492,5.6906e-06,-1.5234,5.5959e-06,1.5438,5.6707e-06,0,-1.4806
2.4076,8.8436e-06,-2.3526,8.6415e-06,2.3637,8.6825e-06,0,-2.273
3.2636,1.1988e-05,-3.1718,1.1651e-05,3.1105,1.1426e-05,0,-3.0422
4.1161,1.5119e-05,-3.1718,0.82564,3.99,1.4656e-05,0,-3.7938
4.972,1.8263e-05,-2.3531,0.82564,4.7446,1.7428e-05,0,-4.5366
5.8271,2.1404e-05,-1.5167,0.82565,5.5812,2.0501e-05,0,-5.2969
6.6809,2.454e-05,-0.69564,0.82565,6.4188,2.3578e-05,0.74243,-5.2969
7.5326,2.7669e-05,0.13521,0.82565,7.2376,2.6585e-05,1.5095,-5.2969
8.4198,3.0928e-05,0.95689,0.82566,8.0472,2.9559e-05,2.2617,-5.2969
9.2782,3.4081e-05,1.7818,0.82566,8.8497,3.2507e-05,3.0196,-5.2969
10.145,3.7263e-05,2.6059,0.82566,9.6873,3.5583e-05,3.7798,-5.2969
11.01,4.0442e-05,3.4315,0.82567,10.502,3.8576e-05,4.538,-5.2969
11.873,4.3613e-05,4.2552,0.82567,11.355,4.1711e-05,5.3026,-5.2969
12.741,4.6802e-05,5.0803,0.82567,12.175,4.4721e-05,6.0582,-5.2969
13.612,5e-05,5.9076,0.82568,13.018,4.7819e-05,6.8184,-5.2969
14.476,5.3174e-05,6.7275,0.82568,13.832,5.0809e-05,7.5799,-5.2969
15.339,5.6344e-05,7.552,0.82568,14.674,5.3899e-05,8.3407,-5.2969
16.207,5.9533e-05,8.3837,0.82568,15.485,5.6881e-05,9.0993,-5.2969
17.072,6.2709e-05,9.2083,0.82569,16.297,5.9864e-05,9.8595,-5.2969
17.944,6.5912e-05,10.032,0.82569,17.101,6.2817e-05,10.619,-5.2969
18.818,6.9123e-05,10.85,0.82569,17.918,6.5817e-05,11.381,-5.2969
19.685,7.2305e-05,11.681,0.8257,18.764,6.8923e-05,12.141,-5.2969
20.552,7.549e-05,12.503,0.8257,19.585,7.194e-05,12.906,-5.2969
21.41,7.8643e-05,13.334,0.8257,20.435,7.5061e-05,13.669,-5.2969
22.275,8.1822e-05,14.156,0.82571,21.234,7.7998e-05,14.43,-5.2969
23.139,8.4993e-05,14.978,0.82571,22.042,8.0964e-05,15.194,-5.2969
24.006,8.8178e-05,15.804,0.82571,22.86,8.397e-05,15.957,-5.2969
24.879,9.1387e-05,16.628,0.82571,23.683,8.6994e-05,16.719,-5.2969
25.742,9.4557e-05,17.451,0.82572,24.52,9.0069e-05,17.483,-5.2969
26.606,9.7729e-05,18.282,0.82572,25.346,9.31e-05,18.243,-5.2969
27.465,0.00010088,19.103,0.82572,26.168,9.6119e-05,19.008,-5.2969
28.331,0.00010406,19.93,0.82573,27.016,9.9236e-05,19.772,-5.2968
29.198,0.00010725,20.758,0.82573,27.884,0.00010242,20.535,-5.2968
30.07,0.00011045,21.582,0.82573,28.721,0.0001055,21.297,-5.2968
30.937,0.00011364,22.409,0.82574,29.615,0.00010878,22.06,-5.2968
31.799,0.0001168,23.228,0.82574,30.445,0.00011183,22.82,-5.2968
32.645,0.00011991,24.05,0.82574,31.257,0.00011481,23.583,-5.2968
33.51,0.00012309,24.871,0.82574,32.099,0.00011791,24.348,-5.2968
34.37,0.00012625,25.697,0.82575,32.951,0.00012104,25.11,-5.2968
35.242,0.00012945,26.517,0.82575,33.793,0.00012413,25.868,-5.2968
36.118,0.00013267,27.343,0.82575,34.589,0.00012705,26.633,-5.2968
36.979,0.00013583,28.169,0.82576,35.413,0.00013008,27.394,-5.2968
37.849,0.00013903,28.988,0.82576,36.224,0.00013306,28.16,-5.2968
38.711,0.00014219,29.811,0.82576,37.027,0.00013601,28.919,-5.2968
39.579,0.00014538,30.64,0.82577,37.881,0.00013915,29.679,-5.2968
40.456,0.0001486,31.47,0.82577,38.713,0.0001422,30.437,-5.2968
41.319,0.00015177,32.288,0.82577,39.559,0.00014531,31.201,-5.2968
42.194,0.00015499,33.11,0.82577,40.395,0.00014838,31.962,-5.2968
43.057,0.00015816,33.934,0.82578,41.266,0.00015158,32.728,-5.2968
43.908,0.00016128,34.757,0.82578,42.055,0.00015448,33.485,-5.2968
44.781,0.00016449,35.576,0.82578,42.846,0.00015738,34.252,-5.2968
45.645,0.00016766,36.412,0.82579,43.62,0.00016022,35.012,-5.2968
46.514,0.00017085,37.227,0.82579,44.412,0.00016313,35.776,-5.2968
47.386,0.00017406,38.076,0.82579,45.211,0.00016607,36.537,-5.2968
48.253,0.00017724,38.892,0.8258,45.976,0.00016888,37.3,-5.2968
49.133,0.00018047,39.71,0.8258,46.763,0.00017177,38.056,-5.2968
49.994,0.00018364,40.536,0.8258,47.56,0.0001747,38.818,-5.2968
49.994,-0.86402,41.351,0.82581,48.36,0.00017763,39.582,-5.2968
49.994,-1.7246,42.171,0.82581,49.153,0.00018055,40.342,-5.2968
49.994,-2.5928,42.989,0.82581,49.973,0.00018356,41.097,-5.2968
49.994,-3.4598,42.989,-0.0019188,50.736,0.00018637,41.864,-5.2968
49.994,-4.3173,42.989,-0.8156,51.592,0.00018951,42.616,-5.2968
49.994,-5.1784,42.989,-1.6406,51.592,-0.7347,43.399,-5.2968
49.994,-6.048,42.989,-2.4577,51.592,-1.5634,44.161,-5.2968
49.994,-6.9136,42.989,-3.286,51.592,-2.3508,44.925,-5.2968
49.994,-7.7789,42.989,-4.1024,51.592,-3.1625,45.679,-5.2968
49.994,-8.6279,42.989,-4.9294,51.592,-3.9505,46.444,-5.2967
49.994,-9.493,42.989,-5.7521,51.592,-4.7739,47.203,-5.2967
49.994,-10.366,42.989,-6.5775,51.592,-5.5375,47.203,-6.0474
49.994,-11.232,42.989,-7.3991,51.592,-6.384,47.203,-6.8159
49.994,-12.095,42.989,-8.2203,51.592,-7.1615,47.203,-7.5726
49.994,-12.96,42.989,-9.0469,51.592,-7.9997,47.203,-8.3316
49.994,-13.83,42.989,-9.8671,51.592,-8.756,47.203,-9.0893
49.994,-14.693,42.989,-10.691,51.592,-9.5958,47.203,-9.8495
49.994,-15.564,42.989,-11.515,51.592,-10.325,47.203,-10.606
49.994,-16.433,42.989,-12.335,51.592,-11.176,47.203,-11.367
49.994,-17.298,42.989,-13.164,51.592,-11.912,47.203,-12.124
49.994,-18.159,42.989,-13.981,51.592,-12.695,47.203,-12.879
49.994,-19.024,42.989,-14.813,51.592,-13.53,47.203,-13.639
49.994,-19.893,42.989,-15.623,51.592,-14.283,47.203,-14.401
49.994,-20.758,42.989,-16.451,51.592,-15.097,47.203,-15.161
49.994,-21.623,42.989,-17.266,51.592,-15.86,47.203,-15.92
49.994,-22.488,42.989,-18.096,51.592,-16.668,47.203,-16.675
49.994,-23.354,42.989,-18.912,51.592,-17.429,47.203,-17.437
49.994,-24.218,42.989,-19.734,51.592,-18.15,47.203,-18.197
49.994,-25.083,42.989,-20.554,51.592,-18.906,47.203,-18.95
49.994,-25.949,42.989,-21.366,51.592,-19.697,47.203,-19.71
49.994,-26.816,42.989,-22.191,51.592,-20.466,47.203,-20.479
49.994,-27.681,42.989,-23.013,51.592,-21.292,47.203,-21.238
49.994,-28.543,42.989,-23.838,51.592,-22.061,47.203,-22.007
49.994,-29.416,42.989,-24.651,51.592,-22.894,47.203,-22.768
49.994,-30.284,42.989,-25.476,51.592,-23.726,47.203,-23.524
49.994,-31.135,42.989,-26.293,51.592,-24.535,47.203,-24.28
49.994,-32.001,42.989,-27.113,51.592,-25.428,47.203,-25.04
49.994,-32.856,42.989,-27.933,51.592,-26.248,47.203,-25.797
49.994,-33.722,42.989,-28.765,51.592,-27.089,47.203,-26.555
50.864,-33.722,42.989,-29.588,51.592,-27.973,47.203,-27.315
51.737,-33.722,42.989,-30.414,51.592,-28.854,47.203,-28.067
52.605,-33.722,42.989,-31.23,51.592,-29.732,47.203,-28.827
53.47,-33.722,42.989,-32.056,51.592,-30.626,47.203,-29.583
54.33,-33.722,42.989,-32.869,52.459,-30.626,47.203,-30.338
55.205,-33.722,43.813,-32.869,53.324,-30.626,47.203,-31.094
56.071,-33.722,44.643,-32.869,54.133,-30.626,47.203,-31.849
56.927,-33.722,45.46,-32.869,54.941,-30.626,47.203,-32.611
57.795,-33.722,46.27,-32.869,55.766,-30.626,47.203,-33.348
58.659,-33.722,47.088,-32.869,56.582,-30.626,47.203,-34.102
59.522,-33.722,47.915,-32.869,57.405,-30.626,47.203,-34.852
60.386,-33.722,48.743,-32.869,58.229,-30.626,47.203,-35.609
61.251,-33.722,49.576,-32.869,59.064,-30.626,47.203,-36.369
62.105,-33.722,50.414,-32.869,59.87,-30.626,47.203,-37.129
62.973,-33.722,51.246,-32.869,60.711,-30.626,47.203,-37.89
63.834,-33.722,52.046,-32.869,61.51,-30.626,47.964,-37.89
64.701,-33.722,52.861,-32.869,62.351,-30.626,48.73,-37.89
65.566,-33.722,53.69,-32.869,63.173,-30.626,49.482,-37.89
66.431,-33.722,54.504,-32.869,64.066,-30.626,50.248,-37.89
67.297,-33.722,55.331,-32.869,64.941,-30.626,51.008,-37.89
68.17,-33.722,56.148,-32.869,65.817,-30.626,51.771,-37.89
69.034,-33.722,56.971,-32.869,66.661,-30.626,52.524,-37.89
69.895,-33.722,57.792,-32.869,67.45,-30.626,53.294,-37.89
70.763,-33.722,58.617,-32.869,68.242,-30.626,54.054,-37.89
71.629,-33.722,59.454,-32.869,69.075,-30.626,54.817,-37.89
72.497,-33.722,60.27,-32.869,69.857,-30.626,55.587,-37.89
73.388,-33.722,61.094,-32.869,70.676,-30.626,56.371,-37.89
74.25,-33.722,61.919,-32.869,71.454,-30.626,57.15,-37.89
75.105,-33.722,62.758,-32.869,72.287,-30.626,57.913,-37.89
75.968,-33.722,63.586,-32.869,73.08,-30.626,58.677,-37.89
75.968,-34.587,64.396,-32.869,73.879,-30.626,59.446,-37.89
75.968,-35.449,65.22,-32.869,74.67,-30.626,60.21,-37.89
75.968,-36.315,66.033,-32.869,75.491,-30.626,60.969,-37.89
75.968,-37.188,66.862,-32.869,76.276,-30.626,61.733,-37.89
75.968,-38.051,67.672,-32.869,77.105,-30.626,62.493,-37.89
75.968,-38.907,68.502,-32.869,77.899,-30.626,63.255,-37.89
75.968,-39.769,68.502,-33.695,78.719,-30.626,64.019,-37.89
75.968,-40.636,68.502,-34.515,78.719,-31.388,64.777,-37.89
75.968,-41.498,68.502,-35.342,78.719,-32.207,65.542,-37.89
75.968,-42.361,68.502,-36.167,78.719,-32.99,66.3,-37.89
75.968,-43.227,68.502,-36.983,78.719,-33.82,67.076,-37.89
75.968,-44.095,68.502,-37.803,78.719,-34.593,67.82,-37.89
75.968,-44.956,68.502,-38.621,78.719,-35.436,68.594,-37.89
75.968,-45.821,68.502,-39.451,78.719,-36.213,69.359,-37.89
75.968,-46.681,68.502,-40.269,78.719,-37.036,70.123,-37.89
75.968,-47.556,68.502,-41.096,78.719,-37.797,70.877,-37.89
75.968,-48.424,68.502,-41.913,78.719,-38.641,71.638,-37.89
75.968,-49.291,68.502,-42.742,78.719,-39.429,72.4,-37.89
75.968,-50.151,68.502,-43.562,78.719,-40.239,73.16,-37.89
75.968,-51.016,68.502,-44.39,78.719,-41.026,73.16,-38.65
75.968,-51.884,68.502,-45.209,78.719,-41.859,73.16,-39.409
75.968,-52.749,68.502,-46.04,78.719,-42.632,73.16,-40.174
75.968,-53.614,68.502,-46.855,78.719,-43.476,73.16,-40.934
75.968,-54.48,68.502,-47.681,78.719,-44.254,73.16,-41.694
75.968,-55.34,68.502,-48.498,78.719,-45.078,73.16,-42.456
75.968,-56.212,68.502,-49.325,78.719,-45.848,73.16,-43.216
75.968,-57.075,68.502,-50.142,78.719,-46.693,73.16,-43.972
75.968,-57.948,68.502,-50.963,78.719,-47.484,73.16,-44.732
75.968,-58.813,68.502,-51.783,78.719,-48.311,73.16,-45.492
75.968,-59.676,68.502,-52.608,78.719,-49.062,73.16,-46.253
75.968,-60.529,68.502,-53.426,78.719,-49.885,73.16,-47.009
75.968,-61.399,68.502,-54.251,78.719,-50.656,73.16,-47.772
75.968,-62.266,68.502,-55.074,78.719,-51.477,73.16,-48.53
75.968,-63.143,68.502,-55.904,78.719,-52.247,73.16,-49.292
75.968,-63.988,68.502,-56.718,78.719,-53.059,73.16,-50.049
75.968,-64.859,68.502,-57.545,78.719,-53.842,73.16,-50.808
75.968,-65.725,68.502,-58.363,78.719,-54.677,73.16,-51.561
75.968,-66.591,68.502,-59.194,78.719,-55.429,73.16,-52.324
75.968,-67.451,68.502,-60.012,78.719,-56.27,73.16,-53.086
75.968,-68.311,68.502,-60.835,78.719,-57.044,73.16,-53.845
75.968,-69.17,68.502,-61.65,78.719,-57.866,73.16,-54.607
75.968,-70.046,68.502,-62.475,78.719,-58.658,73.16,-55.366
75.968,-70.906,68.502,-63.29,78.719,-59.482,73.16,-56.124
75.968,-71.759,68.502,-64.12,77.94,-59.482,73.16,-56.892
75.968,-72.626,68.502,-64.937,77.94,-60.322,73.16,-57.655
75.968,-73.496,68.502,-65.768,77.94,-61.115,73.16,-58.416
75.968,-74.365,68.502,-66.588,77.94,-61.962,73.16,-59.178
75.968,-75.227,68.502,-67.392,77.94,-62.734,73.16,-59.938
75.968,-76.096,68.502,-68.223,77.94,-63.547,73.16,-60.701
75.968,-76.958,68.502,-69.036,77.94,-64.325,73.16,-61.466
75.968,-77.822,68.502,-69.865,77.94,-65.184,73.16,-62.228
75.968,-78.693,68.502,-70.681,77.94,-66.005,73.16,-62.998
75.968,-79.562,68.502,-71.513,77.94,-66.846,73.16,-63.758
75.968,-80.426,68.502,-72.328,77.94,-67.6,73.16,-64.52
75.968,-81.274,68.502,-73.159,77.94,-68.398,73.16,-65.286
75.968,-82.143,68.502,-73.975,77.94,-69.179,73.16,-66.05
75.968,-83.02,68.502,-74.801,77.94,-70.014,73.16,-66.811
75.968,-83.886,68.502,-75.615,77.94,-70.816,73.16,-67.579
75.968,-84.741,68.502,-76.444,77.94,-71.616,73.16,-68.336
75.968,-85.603,68.502,-77.274,77.94,-72.407,73.16,-69.097
75.968,-86.48,68.502,-78.09,77.94,-73.227,73.16,-69.856
75.968,-87.341,68.502,-78.913,77.177,-73.227,73.16,-70.617
75.968,-88.212,68.502,-79.733,77.177,-74.08,73.16,-71.373
75.968,-89.076,68.502,-80.557,77.177,-74.794,73.16,-72.13
75.968,-89.943,68.502,-81.374,77.177,-75.558,73.16,-72.89
75.968,-90.807,68.502,-82.195,77.177,-76.378,73.16,-73.649
75.968,-91.679,68.502,-83.014,77.177,-77.16,73.16,-74.41
75.968,-92.536,68.502,-83.829,77.177,-77.956,73.16,-75.165
75.968,-93.411,68.502,-84.65,77.177,-78.71,73.16,-75.926
75.968,-94.262,68.502,-85.471,77.177,-79.527,73.16,-76.684
75.968,-95.128,68.502,-86.297,77.177,-80.285,73.16,-77.444
75.968,-95.997,68.502,-87.117,77.177,-81.05,73.16,-78.203
75.968,-96.857,68.502,-87.946,77.177,-81.797,73.16,-78.961
75.968,-97.73,68.502,-88.758,77.177,-82.622,73.16,-79.722
75.968,-98.595,68.502,-89.581,77.177,-83.405,73.16,-80.479
75.968,-99.462,68.502,-90.402,77.177,-84.242,73.16,-81.247
76.833,-99.462,68.502,-91.225,77.177,-84.987,73.16,-82.003
77.699,-99.462,68.502,-92.041,77.177,-85.831,73.16,-82.762
78.56,-99.462,68.502,-92.874,77.177,-86.659,73.16,-83.523
79.428,-99.462,68.502,-93.688,77.177,-87.506,73.16,-84.287
80.297,-99.462,68.502,-94.511,77.177,-88.324,73.16,-85.043
81.162,-99.462,68.502,-95.337,77.177,-89.183,73.16,-85.807
82.032,-99.462,68.502,-96.162,77.177,-90.039,73.16,-86.567
82.887,-99.462,68.502,-96.986,77.177,-90.835,73.16,-87.326
83.761,-99.462,68.502,-97.816,77.177,-91.681,73.16,-88.093
84.63,-99.462,68.502,-98.635,77.177,-92.447,73.16,-88.846
85.489,-99.462,68.502,-99.461,77.177,-93.267,73.16,-89.606
86.364,-99.462,69.324,-99.461,78.048,-93.267,73.16,-90.366
87.228,-99.462,70.151,-99.461,78.048,-94.141,73.16,-91.123
88.088,-99.462,70.978,-99.461,78.918,-94.141,73.16,-91.878
88.939,-99.462,71.799,-99.461,79.784,-94.141,73.16,-92.641
89.808,-99.462,72.617,-99.461,80.662,-94.141,73.16,-93.396
90.669,-99.462,73.437,-99.461,81.536,-94.141,73.16,-94.151
91.537,-99.462,74.274,-99.461,82.393,-94.141,73.16,-94.905
92.401,-99.462,75.098,-99.461,83.24,-94.141,73.16,-95.667
93.271,-99.462,75.921,-99.461,84.094,-94.141,73.16,-96.426
94.138,-99.462,76.756,-99.461,84.933,-94.141,73.16,-97.183
95.013,-99.462,77.577,-99.461,85.792,-94.141,73.16,-97.944
95.876,-99.462,78.399,-99.461,86.655,-94.141,73.16,-98.697
96.742,-99.462,79.215,-99.461,87.486,-94.14,73.16,-99.461
97.601,-99.462,80.04,-99.461,88.327,-94.14,73.16,-100.23
98.466,-99.462,80.858,-99.461,89.154,-94.14,73.16,-100.98
99.336,-99.462,81.68,-99.461,89.999,-94.14,73.16,-101.73
100.2,-99.462,82.499,-99.461,90.804,-94.14,73.16,-102.5
101.07,-99.462,83.343,-99.461,91.668,-94.14,73.922,-102.5
101.93,-99.462,84.161,-99.461,92.537,-94.14,74.679,-102.5
102.8,-99.462,84.967,-99.461,93.42,-94.14,75.442,-102.5
103.67,-99.462,85.79,-99.461,94.262,-94.14,76.204,-102.5
104.53,-99.462,86.609,-99.461,95.107,-94.14,76.962,-102.5
105.4,-99.462,87.44,-99.461,95.95,-94.14,77.731,-102.5
106.27,-99.462,88.265,-99.461,96.787,-94.14,78.493,-102.5
107.13,-99.462,89.089,-99.461,97.633,-94.14,79.257,-102.5
108,-99.462,89.909,-99.461,98.466,-94.14,80.022,-102.5
108.86,-99.462,90.735,-99.461,99.328,-94.14,80.785,-102.5
109.73,-99.462,91.559,-99.461,100.14,-94.14,81.552,-102.5
110.6,-99.462,92.384,-99.461,101.01,-94.14,82.319,-102.5
111.46,-99.462,93.207,-99.461,101.81,-94.14,83.08,-102.5
112.33,-99.462,94.028,-99.461,102.65,-94.14,83.845,-102.5
113.19,-99.462,94.862,-99.461,103.43,-94.14,84.612,-102.5
114.05,-99.462,95.688,-99.461,104.25,-94.14,85.373,-102.5
114.91,-99.462,96.503,-99.461,105.05,-94.14,86.133,-102.5
115.78,-99.462,97.324,-99.461,105.87,-94.14,86.895,-102.5
116.65,-99.462,98.148,-99.461,106.69,-94.14,87.655,-102.5
117.51,-99.462,98.97,-99.461,107.54,-94.14,88.417,-102.5
118.39,-99.462,99.796,-99.461,108.39,-94.14,89.19,-102.5
119.26,-99.462,100.62,-99.461,109.24,-94.14,89.949,-102.5
120.12,-99.462,101.45,-99.461,110.09,-94.14,90.721,-102.5
120.97,-99.462,102.27,-99.461,110.94,-94.14,91.487,-102.5
121.84,-99.462,103.1,-99.461,111.79,-94.14,92.255,-102.5
122.7,-99.462,103.92,-99.461,112.65,-94.14,93.025,-102.5
123.57,-99.462,104.74,-99.461,113.49,-94.14,93.788,-102.5
124.43,-99.462,105.56,-99.461,114.36,-94.14,94.55,-102.5
125.29,-99.462,106.39,-99.461,115.21,-94.14,95.317,-102.5
126.16,-99.462,107.22,-99.461,116.02,-94.14,96.08,-102.5
127.03,-99.462,108.05,-99.461,116.84,-94.14,96.845,-102.5
127.9,-99.462,108.87,-99.461,117.7,-94.14,97.601,-102.5
128.77,-99.462,109.69,-99.461,118.56,-94.14,98.362,-102.5
129.64,-99.462,110.52,-99.461,119.41,-94.14,99.134,-102.5
130.49,-99.462,111.34,-99.461,120.24,-94.14,99.897,-102.5
131.36,-99.462,112.18,-99.461,121.09,-94.14,100.67,-102.5
132.23,-99.462,113,-99.461,121.92,-94.14,101.43,-102.5
133.1,-99.462,113.83,-99.461,122.76,-94.14,102.2,-102.5
133.97,-99.462,114.64,-99.461,123.58,-94.14,102.96,-102.5
134.83,-99.462,115.47,-99.461,124.41,-94.14,103.73,-102.5
135.69,-99.462,116.29,-99.461,125.21,-94.14,104.49,-102.5
136.56,-99.462,117.11,-99.461,126.07,-94.14,105.24,-102.5
137.42,-99.462,117.94,-99.461,126.89,-94.14,106.01,-102.5
138.29,-99.462,118.75,-99.461,127.76,-94.14,106.77,-102.5
139.15,-99.462,119.58,-99.461,128.6,-94.14,107.53,-102.5
140.02,-99.462,120.41,-99.461,129.48,-94.14,108.29,-102.5
140.89,-99.462,121.23,-99.461,130.31,-94.14,109.05,-102.5
141.75,-99.462,122.05,-99.461,131.15,-94.14,109.81,-102.5
142.62,-99.462,122.88,-99.461,131.99,-94.14,110.57,-102.5
143.48,-99.462,123.7,-99.461,132.84,-94.14,111.33,-102.5
144.34,-99.462,124.52,-99.461,133.64,-94.14,112.09,-102.5
145.21,-99.462,125.35,-99.461,134.49,-94.14,112.86,-102.5
146.07,-99.462,126.17,-99.461,135.32,-94.14,113.62,-102.5
146.94,-99.462,126.99,-99.461,136.17,-94.14,114.38,-102.5
147.81,-99.462,127.82,-99.461,136.99,-94.14,115.14,-102.5
148.68,-99.462,128.64,-99.461,137.85,-94.14,115.9,-102.5
149.53,-99.462,129.47,-99.461,138.72,-94.14,116.66,-102.5
150.39,-99.462,130.29,-99.461,139.59,-94.14,117.42,-102.5
151.26,-99.462,131.13,-99.461,140.43,-94.14,118.18,-102.5
152.11,-99.462,131.94,-99.461,141.29,-94.14,118.94,-102.5
152.97,-99.462,132.76,-99.461,142.16,-94.14,119.7,-102.5
153.81,-99.462,133.58,-99.461,143.02,-94.14,120.46,-102.5
154.68,-99.462,134.41,-99.461,143.88,-94.14,121.22,-102.5
155.55,-99.462,135.23,-99.461,144.75,-94.14,121.98,-102.5
156.42,-99.462,136.06,-99.461,145.58,-94.14,122.75,-102.5
157.28,-99.462,136.89,-99.461,146.41,-94.14,123.51,-102.5
158.15,-99.462,137.71,-99.461,147.23,-94.14,124.27,-102.5
159.02,-99.462,138.54,-99.461,148.02,-94.14,125.03,-102.5
159.88,-99.462,139.36,-99.461,148.83,-94.14,125.79,-102.5
160.75,-99.462,140.18,-99.461,149.69,-94.14,126.55,-102.5
161.62,-99.462,141,-99.461,150.53,-94.14,127.31,-102.5
162.48,-99.462,141.82,-99.461,151.41,-94.14,128.07,-102.5
163.35,-99.462,142.64,-99.461,152.28,-94.14,128.84,-102.5
164.2,-99.462,143.48,-99.461,153.15,-94.14,129.6,-102.5
165.07,-99.462,144.3,-99.461,153.96,-94.14,130.36,-102.5
165.93,-99.462,145.12,-99.461,154.82,-94.14,131.12,-102.5
166.8,-99.462,145.94,-99.461,155.65,-94.14,131.88,-102.5
167.66,-99.462,146.76,-99.461,156.5,-94.14,132.65,-102.5
168.53,-99.462,147.59,-99.461,157.3,-94.14,133.42,-102.5
169.4,-99.462,148.41,-99.461,158.13,-94.14,134.18,-102.5
170.27,-99.462,149.23,-99.461,158.98,-94.14,134.94,-102.5
171.13,-99.462,150.05,-99.461,159.82,-94.14,135.71,-102.5
171.99,-99.462,150.88,-99.461,160.65,-94.14,136.47,-102.5
172.86,-99.462,151.71,-99.461,161.47,-94.14,137.24,-102.5
173.72,-99.462,152.54,-99.461,162.28,-94.14,138,-102.5
174.58,-99.462,153.36,-99.461,163.13,-94.14,138.76,-102.5
175.45,-99.462,154.16,-99.461,163.94,-94.14,139.52,-102.5
176.32,-99.462,155,-99.461,164.83,-94.14,140.29,-102.5
177.19,-99.462,155.82,-99.461,165.66,-94.14,141.05,-102.5
178.05,-99.462,156.64,-99.461,166.52,-94.14,141.82,-102.5
178.92,-99.462,157.47,-99.461,167.32,-94.14,142.58,-102.5
179.78,-99.462,158.3,-99.461,168.14,-94.14,143.34,-102.5
180.65,-99.462,159.13,-99.461,168.96,-94.14,144.11,-102.5
181.51,-99.462,159.95,-99.461,169.8,-94.14,144.87,-102.5
182.38,-99.462,160.78,-99.461,170.64,-94.14,145.64,-102.5
183.25,-99.462,161.6,-99.461,171.46,-94.14,146.4,-102.5
184.12,-99.462,162.43,-99.461,172.3,-94.14,147.16,-102.5
184.98,-99.462,163.25,-99.461,173.14,-94.14,147.93,-102.5
185.84,-99.462,164.08,-99.461,174.01,-94.14,148.69,-102.5
186.7,-99.462,164.9,-99.461,174.82,-94.14,149.45,-102.5
187.57,-99.462,165.73,-99.461,175.66,-94.14,150.22,-102.5
188.44,-99.462,166.55,-99.461,176.48,-94.14,150.22,-101.74
189.3,-99.462,167.39,-99.461,177.33,-94.14,150.99,-101.74
190.17,-99.462,168.19,-99.461,178.19,-94.14,151.76,-101.74
191.04,-99.462,169.02,-99.461,179.01,-94.14,152.52,-101.74
191.9,-99.462,169.86,-99.461,179.86,-94.14,153.29,-101.74
192.78,-99.462,170.68,-99.461,180.68,-94.14,154.05,-101.74
193.63,-99.462,171.51,-99.461,181.48,-94.14,154.81,-101.74
194.5,-99.462,172.34,-99.461,182.32,-94.14,155.58,-101.74
195.37,-99.462,173.17,-99.461,183.15,-94.14,156.35,-101.74
196.24,-99.462,174,-99.461,183.99,-94.14,157.11,-101.74
197.1,-99.462,174.82,-99.461,184.81,-94.14,157.88,-101.74
197.95,-99.462,175.65,-99.461,185.63,-94.14,158.64,-101.74
198.82,-99.462,176.47,-99.461,186.45,-94.14,159.4,-101.74
199.68,-99.462,177.29,-99.461,187.32,-94.14,160.16,-101.74
200.55,-99.462,178.12,-99.461,188.15,-94.14,160.92,-101.74
201.42,-99.462,178.94,-99.461,188.93,-94.14,161.69,-101.74
202.29,-99.462,179.77,-99.461,189.74,-94.14,162.46,-101.74
203.15,-99.462,180.59,-99.461,190.58,-94.14,163.22,-101.74
204.01,-99.462,181.42,-99.461,191.36,-94.14,163.99,-101.74
204.86,-99.462,182.24,-99.461,192.23,-94.14,164.74,-101.74
205.72,-99.462,183.06,-99.461,193.05,-94.14,165.51,-101.74
206.59,-99.462,183.89,-99.461,193.92,-94.14,166.27,-101.74
207.45,-99.462,184.71,-99.461,194.8,-94.14,167.04,-101.74
208.32,-99.462,185.53,-99.461,195.66,-94.14,167.81,-101.74
209.19,-99.462,186.36,-99.461,196.53,-94.14,168.57,-101.74
210.06,-99.462,187.18,-99.461,197.33,-94.14,169.33,-101.74
210.92,-99.462,188.01,-99.461,198.17,-94.14,170.1,-101.74
211.79,-99.462,188.83,-99.461,199.01,-94.14,170.85,-101.74
212.65,-99.462,189.66,-99.461,199.86,-94.14,171.62,-101.74
213.52,-99.462,190.48,-99.461,200.71,-94.14,172.38,-101.74
214.38,-99.462,191.31,-99.461,201.52,-94.14,173.14,-101.74
215.25,-99.462,192.13,-99.461,202.38,-94.14,173.9,-101.74
216.1,-99.462,192.96,-99.461,203.2,-94.14,174.67,-101.74
216.98,-99.462,193.78,-99.461,204.03,-94.14,175.42,-101.74
217.85,-99.462,194.6,-99.461,204.85,-94.14,176.19,-101.74
218.71,-99.462,195.42,-99.461,205.68,-94.14,176.95,-101.74
219.58,-99.462,196.24,-99.461,206.51,-94.14,177.72,-101.74
220.44,-99.462,197.06,-99.461,207.37,-94.14,178.48,-101.74
221.31,-99.462,197.89,-99.461,208.21,-94.14,179.24,-101.74
222.18,-99.462,198.71,-99.461,209.08,-94.14,180.01,-101.74
223.05,-99.462,199.53,-99.461,209.93,-94.14,180.77,-101.74
223.91,-99.462,200.36,-99.461,210.71,-94.14,181.52,-101.74
224.78,-99.462,201.18,-99.461,211.5,-94.14,182.29,-101.74
225.64,-99.462,202,-99.461,212.3,-94.14,183.06,-101.74
226.51,-99.462,202.83,-99.461,213.07,-94.14,183.83,-101.74
227.36,-99.462,203.65,-99.461,213.86,-94.14,184.59,-101.74
228.23,-99.462,204.48,-99.461,214.68,-94.14,185.35,-101.74
229.1,-99.462,205.32,-99.461,215.53,-94.14,186.12,-101.74
229.97,-99.462,206.14,-99.461,216.36,-94.14,186.88,-101.74
230.84,-99.462,206.97,-99.461,217.21,-94.14,187.65,-101.74
231.7,-99.462,207.78,-99.461,218.06,-94.14,188.41,-101.74
232.56,-99.462,208.6,-99.461,218.91,-94.14,189.17,-101.74
233.42,-99.462,209.42,-99.461,219.77,-94.14,189.93,-101.74
234.29,-99.462,210.25,-99.461,220.58,-94.14,190.7,-101.74
235.16,-99.462,211.07,-99.461,221.44,-94.14,191.47,-101.74
236.03,-99.462,211.9,-99.461,222.27,-94.14,192.23,-101.74
236.89,-99.462,212.72,-99.461,223.09,-94.14,192.99,-101.74
237.74,-99.462,213.54,-99.461,223.94,-94.14,193.76,-101.74
238.62,-99.462,214.37,-99.461,224.8,-94.14,194.52,-101.74
239.49,-99.462,215.19,-99.461,225.65,-94.14,195.29,-101.74
240.35,-99.462,216.01,-99.461,226.51,-94.14,196.05,-101.74
241.21,-99.462,216.85,-99.461,227.38,-94.14,196.82,-101.74
242.07,-99.462,217.67,-99.461,228.21,-94.14,197.58,-101.74
242.94,-99.462,218.5,-99.461,229.08,-94.14,198.35,-101.74
243.79,-99.462,219.33,-99.461,229.94,-94.14,199.11,-101.74
244.66,-99.462,220.15,-99.461,230.82,-94.14,199.88,-101.74
245.51,-99.462,220.98,-99.461,231.67,-94.14,200.64,-101.74
246.38,-99.462,221.8,-99.461,232.51,-94.14,201.4,-101.74
247.24,-99.462,222.63,-99.461,233.37,-94.14,202.17,-101.74
248.1,-99.462,223.44,-99.461,234.22,-94.14,202.93,-101.74
248.96,-99.462,224.28,-99.461,235.06,-94.14,203.7,-101.74
249.83,-99.462,225.1,-99.461,235.91,-94.14,204.46,-101.74
250.7,-99.462,225.93,-99.461,236.77,-94.14,205.23,-101.74
251.56,-99.462,226.75,-99.461,237.63,-94.14,205.99,-101.74
252.43,-99.462,227.58,-99.461,238.46,-94.14,206.76,-101.74
253.3,-99.462,228.41,-99.461,239.31,-94.14,207.52,-101.74
254.16,-99.462,229.24,-99.461,240.16,-94.14,208.28,-101.74
255.03,-99.462,230.08,-99.461,241.02,-94.14,209.05,-101.74
255.89,-99.462,230.9,-99.461,241.86,-94.14,209.81,-101.74
256.75,-99.462,231.73,-99.461,242.7,-94.14,210.57,-101.74
257.61,-99.462,232.55,-99.461,243.54,-94.14,211.34,-101.74
258.48,-99.331,233.37,-99.461,244.41,-94.14,212.1,-101.74
259.34,-99.282,234.2,-99.461,245.2,-94.14,212.87,-101.74
260.21,-99.29,235.02,-99.461,246.07,-94.14,213.62,-101.74
260.94,-99.742,235.85,-99.461,246.91,-94.14,214.4,-101.74
261.39,-100.47,236.67,-99.461,247.76,-94.14,215.16,-101.74
261.83,-101.23,237.49,-99.461,248.59,-94.14,215.94,-101.74
262.26,-101.96,238.31,-99.461,249.44,-94.14,216.7,-101.74
262.69,-102.71,239.13,-99.461,250.27,-94.14,217.47,-101.74
263.15,-103.45,239.96,-99.461,251.1,-94.14,218.24,-101.74
263.67,-104.15,240.78,-99.461,251.93,-94.14,219,-101.74
264.16,-104.85,241.61,-99.461,252.77,-94.14,219.77,-101.74
264.76,-105.49,242.44,-99.461,253.64,-94.14,220.54,-101.73
265.33,-106.13,243.25,-99.461,254.49,-94.14,221.3,-101.73
265.95,-106.74,244.09,-99.461,255.28,-94.14,222.08,-101.73
266.58,-107.32,244.91,-99.461,256.15,-94.14,222.85,-101.73
267.22,-107.91,245.73,-99.461,256.99,-94.14,223.62,-101.73
267.89,-108.46,246.56,-99.461,257.82,-94.14,224.39,-101.73
268.6,-108.94,247.4,-99.461,258.62,-94.14,225.15,-101.73
269.34,-109.4,248.22,-99.461,259.45,-94.14,225.92,-101.73
270.08,-109.86,249.03,-99.461,260.25,-94.14,226.69,-101.73
270.8,-110.35,249.85,-99.461,261.08,-94.14,227.46,-101.73
271.53,-110.8,250.67,-99.461,261.87,-94.14,228.23,-101.73
272.29,-111.21,251.5,-99.461,262.71,-94.14,228.98,-101.73
273.09,-111.55,252.32,-99.461,263.49,-94.14,229.75,-101.73
273.88,-111.92,253.13,-99.426,264.29,-93.882,230.51,-101.73
274.68,-112.23,253.65,-100.06,265.04,-93.695,231.28,-101.73
275.5,-112.51,254.05,-100.78,265.85,-93.906,232.04,-101.73
276.34,-112.68,254.35,-101.55,266.56,-94.271,232.81,-101.73
277.2,-112.86,254.73,-102.27,267.19,-94.75,233.57,-101.73
278.06,-112.89,255.11,-103,267.81,-95.235,234.34,-101.73
278.93,-112.81,255.59,-103.67,268.5,-95.715,235.11,-101.73
279.79,-112.82,256.14,-104.28,269.05,-96.325,235.87,-101.73
280.66,-112.77,256.72,-104.88,269.74,-96.728,236.64,-101.73
281.52,-112.7,257.34,-105.41,270.37,-97.262,237.42,-101.73
282.37,-112.56,257.96,-105.96,271.09,-97.644,238.19,-101.73
283.22,-112.39,258.62,-106.45,271.67,-98.207,238.95,-101.73
284.05,-112.16,259.29,-106.93,272.39,-98.62,239.71,-101.73
284.87,-111.89,260.02,-107.32,273.13,-99.001,240.48,-101.73
285.68,-111.6,260.72,-107.75,273.78,-99.473,241.24,-101.73
286.49,-111.29,261.44,-108.14,274.58,-99.674,242,-101.73
287.27,-110.9,262.19,-108.47,275.25,-100.12,242.77,-101.73
288.06,-110.52,262.96,-108.75,276.1,-100.19,243.54,-101.73
288.8,-110.08,263.75,-109,276.81,-100.56,244.31,-101.73
289.56,-109.66,264.56,-109.15,277.63,-100.7,245.08,-101.73
290.25,-109.17,265.37,-109.28,278.44,-100.85,245.85,-101.73
290.95,-108.66,266.19,-109.37,279.27,-100.92,246.61,-101.73
291.61,-108.1,267.01,-109.42,280.11,-100.89,247.38,-101.73
292.2,-107.47,267.83,-109.42,280.95,-100.94,248.14,-101.73
292.81,-106.85,268.67,-109.41,281.73,-100.75,248.91,-101.73
293.33,-106.14,269.48,-109.3,282.6,-100.73,249.67,-101.73
293.89,-105.47,270.3,-109.22,283.4,-100.52,250.44,-101.73
294.31,-104.73,271.11,-109.05,284.21,-100.39,251.21,-101.73
294.74,-103.98,271.91,-108.83,285,-100.23,251.97,-101.73
295.19,-103.25,272.67,-108.51,285.83,-100.05,252.74,-101.73
295.49,-102.43,273.44,-108.26,286.61,-99.67,253.51,-101.73
295.85,-101.65,274.19,-107.9,287.44,-99.517,254.27,-101.73
296.12,-100.83,274.95,-107.58,288.19,-99.222,255.03,-101.73
296.44,-100.02,275.7,-107.21,289.03,-99.013,255.79,-101.73
296.71,-99.189,276.44,-106.88,289.73,-98.523,256.56,-101.73
296.84,-98.335,277.19,-106.52,290.54,-98.299,257.33,-101.73
296.96,-97.486,277.9,-106.13,291.22,-97.818,258.09,-101.73
297.04,-96.614,278.59,-105.66,292.02,-97.499,258.85,-101.73
297.16,-95.761,279.28,-105.2,292.67,-96.998,259.59,-101.54
297.18,-94.905,279.91,-104.68,293.48,-96.698,260.35,-101.59
297.05,-94.049,280.56,-104.14,294.13,-96.128,260.99,-101.99
297,-93.19,281.12,-103.54,294.92,-95.793,261.27,-102.7
296.83,-92.337,281.62,-102.91,295.53,-95.258,261.41,-103.46
296.51,-91.536,282.08,-102.22,296.34,-94.84,261.47,-104.21
296.23,-90.702,282.51,-101.52,296.91,-94.248,261.6,-104.96
295.86,-89.926,282.9,-100.79,297.67,-93.816,261.71,-105.71
295.54,-89.131,283.25,-100.05,298.19,-93.148,261.93,-106.45
295.08,-88.401,283.62,-99.301,298.87,-92.588,262.11,-107.19
294.59,-87.678,283.99,-98.568,299.37,-91.907,262.4,-107.89
294.05,-87.011,284.33,-97.808,300.03,-91.319,262.65,-108.61
293.53,-86.308,284.58,-97.014,300.5,-90.583,263.08,-109.24
292.95,-85.68,284.79,-96.218,301.1,-89.975,263.4,-109.94
292.4,-85.003,284.99,-95.416,301.47,-89.256,263.84,-110.56
291.8,-84.385,285.17,-94.604,301.97,-88.569,264.29,-111.18
291.21,-83.756,285.27,-93.794,302.29,-87.822,264.82,-111.73
290.52,-83.238,285.32,-92.96,302.78,-87.077,265.26,-112.35
289.85,-82.681,285.34,-92.141,303.1,-86.316,265.77,-112.92
289.12,-82.202,285.32,-91.313,303.65,-85.612,266.36,-113.4
288.42,-81.698,285.26,-90.484,304.04,-84.759,267.01,-113.8
287.66,-81.308,285.17,-89.658,304.44,-84.03,267.64,-114.22
286.89,-80.942,285.06,-88.852,304.68,-83.188,268.31,-114.6
286.05,-80.736,284.92,-88.037,305,-82.391,268.98,-114.96
285.2,-80.576,284.7,-87.25,305.14,-81.509,269.68,-115.27
284.35,-80.393,284.41,-86.467,305.47,-80.736,270.39,-115.54
283.53,-80.119,284.12,-85.699,305.52,-79.871,271.14,-115.67
282.67,-80.061,283.73,-84.954,305.71,-79.041,271.88,-115.88
281.82,-79.912,283.35,-84.232,305.65,-78.176,272.61,-116.1
280.96,-79.903,282.94,-83.507,305.85,-77.34,273.36,-116.25
280.1,-79.927,282.51,-82.817,305.75,-76.483,274.12,-116.21
279.24,-80.019,281.98,-82.155,305.82,-75.603,274.89,-116.27
278.38,-80.069,281.5,-81.497,305.63,-74.726,275.63,-116.1
277.54,-80.268,280.96,-80.856,305.75,-73.894,276.4,-116.05
276.69,-80.401,280.45,-80.214,305.48,-73.095,277.12,-115.81
275.86,-80.635,279.89,-79.599,305.15,-72.339,277.88,-115.69
275.07,-80.973,279.31,-79.018,305.02,-71.493,278.6,-115.45
274.25,-81.295,278.66,-78.497,304.62,-70.735,279.33,-115.21
273.49,-81.685,278.04,-77.956,304.37,-69.917,280.01,-114.84
272.69,-82.019,277.34,-77.508,303.97,-69.182,280.76,-114.66
272.01,-82.554,276.67,-77.058,303.72,-68.391,281.43,-114.32
271.29,-83.028,275.94,-76.686,303.21,-67.739,282.15,-114.03
270.62,-83.574,275.19,-76.326,303.02,-66.939,282.79,-113.62
270.04,-84.205,274.44,-75.996,302.46,-66.319,283.47,-113.23
269.45,-84.851,273.66,-75.679,302.18,-65.539,284.02,-112.71
268.93,-85.526,272.93,-75.316,301.64,-64.918,284.64,-112.23
268.43,-86.236,272.18,-74.956,301.25,-64.21,285.15,-111.68
268,-86.98,271.39,-74.761,300.77,-63.566,285.7,-111.14
267.55,-87.73,270.57,-74.573,300.39,-62.861,286.14,-110.52
267.28,-88.549,269.77,-74.428,299.84,-62.232,286.6,-109.9
267.02,-89.368,268.94,-74.421,299.48,-61.528,286.94,-109.23
266.86,-90.214,268.11,-74.38,298.89,-60.961,287.4,-108.6
266.7,-91.062,267.28,-74.407,298.34,-60.358,287.65,-107.9
266.59,-91.918,266.46,-74.418,297.66,-59.905,288.02,-107.22
266.41,-92.758,265.65,-74.581,297.09,-59.337,288.29,-106.51
266.16,-93.588,264.84,-74.716,296.35,-58.96,288.62,-105.82
265.69,-94.325,264.05,-74.977,295.76,-58.405,288.82,-105.09
264.95,-94.762,263.26,-75.206,295.08,-57.975,289.08,-104.36
264.08,-94.826,262.53,-75.593,294.51,-57.458,289.18,-103.61
263.23,-94.855,261.75,-75.852,293.69,-57.294,289.43,-102.87
262.36,-94.832,261.01,-76.231,293.01,-56.897,289.46,-102.12
261.49,-94.877,260.25,-76.528,292.22,-56.755,289.61,-101.35
260.63,-94.822,259.58,-77.012,291.53,-56.385,289.65,-100.59
259.77,-94.82,258.85,-77.394,290.74,-56.405,289.74,-99.826
258.9,-94.69,258.2,-77.911,290.04,-56.067,289.69,-99.065
258.04,-94.666,257.53,-78.384,289.27,-56.253,289.7,-98.296
257.18,-94.563,256.96,-78.984,288.65,-55.849,289.59,-97.55
256.32,-94.486,256.39,-79.568,287.94,-56.074,289.54,-96.781
255.46,-94.363,255.92,-80.251,287.2,-55.708,289.33,-96.056
254.59,-94.331,255.38,-80.877,286.41,-55.934,289.25,-95.295
253.73,-94.234,254.92,-81.569,285.62,-55.731,288.99,-94.582
252.87,-94.193,254.47,-82.249,284.82,-55.953,288.83,-93.83
252.03,-93.968,254.14,-83.006,284.06,-55.796,288.52,-93.138
252.03,-93.968,253.72,-83.71,283.29,-55.975,288.3,-92.394
252.03,-93.968,253.39,-84.458,282.54,-55.813,287.97,-91.722
0,0,253.06,-85.212,281.81,-56.128,287.71,-90.989
0,0,252.87,-86.023,281.06,-55.898,287.27,-90.365
0,0,252.61,-86.794,280.37,-56.317,286.97,-89.663
0,0,252.45,-87.61,279.58,-56.173,286.46,-89.099
0,0,252.25,-88.4,278.93,-56.614,286.12,-88.407
0,0,252.08,-89.216,278.2,-56.364,285.61,-87.849
0,0,251.76,-89.97,277.65,-56.955,285.2,-87.195
0,0,251.24,-90.612,277.18,-57.628,284.63,-86.7
0,0,250.49,-90.966,276.46,-58.041,284.15,-86.1
0,0,249.72,-91.267,275.76,-58.426,283.58,-85.597
0,0,248.9,-91.326,275.03,-58.034,283.11,-84.993
0,0,248.08,-91.52,274.26,-58.149,282.49,-84.553
0,0,247.27,-91.547,273.74,-57.704,281.98,-83.989
0,0,246.44,-91.63,273.08,-57.661,281.35,-83.557
0,0,245.61,-91.62,272.45,-57.384,280.77,-83.061
0,0,244.79,-91.681,271.85,-57.287,280.11,-82.701
0,0,243.97,-91.625,271.57,-56.971,279.5,-82.225
0,0,243.16,-91.736,271.1,-56.977,278.81,-81.905
0,0,242.34,-91.745,270.69,-56.711,278.16,-81.503
0,0,241.53,-91.814,270.26,-56.472,277.43,-81.333
0,0,240.71,-91.856,269.82,-56.188,276.74,-80.983
0,0,239.86,-91.932,269.3,-55.846,276.02,-80.802
0,0,239.04,-91.979,268.72,-55.438,275.31,-80.51
0,0,238.23,-92.05,268.19,-55.132,274.57,-80.401
0,0,237.41,-92.152,267.8,-54.782,273.84,-80.145
0,0,237.41,-92.152,267.8,-54.782,273.09,-80.064
0,0,237.41,-92.152,267.8,-54.782,272.35,-79.898
0,0,237.41,-92.152,267.8,-54.782,271.6,-79.866
0,0,237.41,-92.152,267.8,-54.782,270.84,-79.742
0,0,237.41,-92.152,267.8,-54.782,270.1,-79.784
0,0,237.41,-92.152,267.8,-54.782,269.33,-79.753
0,0,237.41,-92.152,267.8,-54.782,268.59,-79.921
0,0,0,0,267.8,-54.782,267.83,-79.951
0,0,0,0,267.8,-54.782,267.09,-80.076
0,0,0,0,267.8,-54.782,266.32,-80.131
0,0,0,0,267.8,-54.782,265.61,-80.386
0,0,0,0,267.8,-54.782,264.88,-80.578
0,0,0,0,267.8,-54.782,264.19,-80.895
0,0,0,0,267.8,-54.782,263.47,-81.127
0,0,0,0,0,0,262.8,-81.478
0,0,0,0,0,0,262.11,-81.79
0,0,0,0,0,0,261.47,-82.209
0,0,0,0,0,0,260.79,-82.545
0,0,0,0,0,0,260.2,-83.016
0,0,0,0,0,0,259.56,-83.417
0,0,0,0,0,0,259.01,-83.936
0,0,0,0,0,0,258.44,-84.434
0,0,0,0,0,0,257.97,-85.037
0,0,0,0,0,0,257.45,-85.583
0,0,0,0,0,0,257.03,-86.219
0,0,0,0,0,0,256.56,-86.812
0,0,0,0,0,0,256.22,-87.492
0,0,0,0,0,0,255.8,-88.114
0,0,0,0,0,0,255.5,-88.822
0,0,0,0,0,0,255.15,-89.491
0,0,0,0,0,0,255.01,-90.24
0,0,0,0,0,0,254.69,-90.921
0,0,0,0,0,0,254.53,-91.661
0,0,0,0,0,0,254.1,-92.283
0,0,0,0,0,0,253.59,-92.84
0,0,0,0,0,0,252.85,-93.034
0,0,0,0,0,0,252.16,-93.328
0,0,0,0,0,0,251.41,-93.327
0,0,0,0,0,0,250.65,-93.418
0,0,0,0,0,0,249.89,-93.333
0,0,0,0,0,0,249.14,-93.383
0,0,0,0,0,0,248.38,-93.276
0,0,0,0,0,0,247.63,-93.327
0,0,0,0,0,0,246.87,-93.252
0,0,0,0,0,0,246.12,-93.313
0,0,0,0,0,0,245.36,-93.216
0,0,0,0,0,0,244.62,-93.264
0,0,0,0,0,0,243.9,-93.141
0,0,0,0,0,0,243.9,-93.141
0,0,0,0,0,0,243.9,-93.141
0,0,0,0,0,0,243.9,-93.141
0,0,0,0,0,0,243.9,-93.141
0,0,0,0,0,0,243.9,-93.141
0,0,0,0,0,0,243.9,-93.141
0,0,0,0,0,0,243.9,-93.141
0,0,0,0,0,0,243.9,-93.141
0,0,0,0,0,0,243.9,-93.141
0,0,0,0,0,0,243.9,-93.141
