0,0,0,0,0,0,0,0
0.7,2.5712e-06,-0.7,2.5712e-06,0.7,2.5712e-06,0.7,2.5712e-06
1.5725,5.776e-06,-1.5114,5.5516e-06,1.0626,3.903e-06,1.4635,5.3757e-06
2.4376,8.9537e-06,-2.3491,8.6286e-06,1.6697,6.1332e-06,2.2113,8.1225e-06
3.2896,1.2083e-05,-1.5476,1.1572e-05,2.468,9.0653e-06,2.9691,1.0906e-05
4.1661,1.5303e-05,-0.71587,1.4628e-05,3.311,1.2162e-05,3.7255,1.3684e-05
5.0225,1.8449e-05,0.09625,1.7611e-05,4.1812,1.5358e-05,4.4874,1.6483e-05
5.8785,2.1593e-05,0.91519,2.0619e-05,4.9948,1.8347e-05,5.2486,1.9279e-05
6.7469,2.4783e-05,1.7347,2.3629e-05,5.9224,2.1754e-05,6.0143,2.2092e-05
7.6263,2.8013e-05,2.5613,2.6665e-05,6.8036,2.4991e-05,6.7744,2.4884e-05
8.4901,3.1186e-05,3.3765,2.966e-05,7.6401,2.8064e-05,7.5385,2.7691e-05
9.3584,3.4375e-05,4.2004,3.2686e-05,8.5171,3.1285e-05,8.2961,3.0473e-05
10.231,3.7581e-05,5.0253,3.5716e-05,9.3574,3.4372e-05,9.0595,3.3277e-05
11.092,4.0743e-05,5.8652,3.8801e-05,10.184,3.741e-05,9.8178,3.6063e-05
11.958,4.3925e-05,6.6898,4.183e-05,11.01,4.0443e-05,10.58,3.8864e-05
12.823,4.7101e-05,7.511,4.4847e-05,11.814,4.3395e-05,11.347,4.168e-05
13.686,5.0272e-05,8.3384,4.7886e-05,12.652,4.6472e-05,12.108,4.4474e-05
14.565,5.3501e-05,9.1579,5.0896e-05,13.481,4.9518e-05,12.872,4.7281e-05
15.425,5.6659e-05,9.9803,5.3917e-05,14.299,5.2522e-05,13.633,5.0078e-05
16.296,5.9857e-05,10.806,5.6948e-05,15.124,5.5553e-05,14.402,5.2901e-05
17.158,6.3025e-05,11.626,5.9961e-05,15.978,5.8691e-05,15.162,5.5694e-05
18.022,6.6198e-05,12.459,6.3021e-05,16.819,6.1781e-05,15.931,5.8519e-05
18.883,6.9361e-05,13.281,6.6041e-05,17.679,6.4939e-05,16.692,6.1313e-05
19.757,7.2571e-05,14.105,6.9068e-05,18.529,6.8061e-05,17.456,6.412e-05
20.62,7.574e-05,14.939,7.2133e-05,19.366,7.1136e-05,18.215,6.6907e-05
21.485,7.8918e-05,15.764,7.516e-05,20.196,7.4183e-05,18.984,6.9733e-05
22.354,8.211e-05,16.597,7.822e-05,21.019,7.7206e-05,19.745,7.2527e-05
23.22,8.5291e-05,17.419,8.1239e-05,21.855,8.0277e-05,20.506,7.5323e-05
24.08,8.8451e-05,18.24,8.4258e-05,22.663,8.3247e-05,21.271,7.8131e-05
24.947,9.1637e-05,19.059,8.7266e-05,23.468,8.6204e-05,22.035,8.0938e-05
25.813,9.4817e-05,19.882,9.029e-05,24.247,8.9065e-05,22.796,8.3735e-05
26.691,9.804e-05,20.704,9.3309e-05,25.099,9.2192e-05,23.56,8.654e-05
27.552,0.00010121,21.54,9.6377e-05,25.887,9.5088e-05,24.321,8.9335e-05
28.428,0.00010442,22.365,9.9409e-05,26.711,9.8117e-05,25.077,9.2115e-05
29.296,0.00010761,23.182,0.00010241,27.498,0.00010101,25.841,9.4918e-05
30.162,0.00011079,24.002,0.00010542,28.323,0.00010404,26.604,9.7722e-05
31.029,0.00011398,24.823,0.00010844,29.109,0.00010693,27.365,0.00010052
31.894,0.00011715,25.641,0.00011144,29.978,0.00011011,28.13,0.00010333
32.758,0.00012033,26.465,0.00011447,30.803,0.00011314,28.89,0.00010612
33.62,0.00012349,27.286,0.00011749,31.656,0.00011628,29.652,0.00010892
34.486,0.00012668,28.113,0.00012052,32.435,0.00011914,30.417,0.00011173
35.362,0.00012989,28.934,0.00012354,33.28,0.00012224,31.179,0.00011453
36.217,0.00013303,29.765,0.00012659,34.069,0.00012514,31.938,0.00011731
37.091,0.00013624,30.585,0.0001296,34.895,0.00012818,32.701,0.00012012
37.931,0.00013933,31.409,0.00013263,35.68,0.00013106,33.463,0.00012291
38.801,0.00014252,32.237,0.00013567,36.497,0.00013406,34.226,0.00012572
39.674,0.00014573,33.058,0.00013869,37.268,0.00013689,34.984,0.0001285
40.533,0.00014889,33.888,0.00014173,38.049,0.00013976,35.744,0.0001313
41.4,0.00015207,34.709,0.00014475,38.84,0.00014267,36.503,0.00013408
42.261,0.00015523,35.537,0.00014779,39.651,0.00014565,37.271,0.0001369
42.261,0.87224,36.342,0.00015075,40.468,0.00014865,38.023,0.00013967
42.261,1.733,37.173,0.0001538,41.289,0.00015166,38.789,0.00014248
42.261,2.5987,37.992,0.00015681,42.138,0.00015478,39.547,0.00014527
42.261,3.4776,38.808,0.00015981,42.981,0.00015788,40.296,0.00014801
42.261,4.3448,39.642,0.00016287,43.824,0.00016098,41.062,0.00015083
42.261,5.2101,40.455,0.00016586,44.63,0.00016394,41.062,0.76498
42.261,6.0679,41.288,0.00016892,45.483,0.00016707,41.062,1.5251
42.261,6.9517,42.108,0.00017193,45.483,0.83464,41.062,2.2869
42.261,7.8176,42.108,0.82707,45.483,1.6746,41.062,3.0579
42.261,8.6822,42.108,1.6499,45.483,2.5172,41.062,3.8169
42.261,9.5413,42.108,2.4731,45.483,3.3126,41.062,4.5864
43.138,9.5413,42.108,3.3179,45.483,4.1841,41.062,5.3521
43.997,9.5413,42.108,4.1452,45.483,5.0079,41.062,6.1183
44.877,9.5413,42.108,4.9734,45.483,5.8369,41.062,6.8815
45.739,9.5413,42.108,5.7963,45.483,6.6858,41.062,7.6432
46.601,9.5413,42.108,6.6144,45.483,7.4924,41.062,8.4154
47.448,9.5413,42.108,7.4353,46.294,7.4924,41.829,8.4154
48.318,9.5413,42.108,8.2569,47.113,7.4924,42.599,8.4154
49.182,9.5413,42.934,8.2569,47.959,7.4924,43.355,8.4154
50.044,9.5413,43.753,8.2569,48.796,7.4924,44.121,8.4154
50.909,9.5413,44.58,8.2569,49.576,7.4924,44.879,8.4154
51.778,9.5413,45.404,8.2569,50.415,7.4924,45.644,8.4154
52.645,9.5413,46.224,8.2569,51.207,7.4924,46.403,8.4154
53.509,9.5413,47.067,8.2569,52.018,7.4924,47.167,8.4154
54.378,9.5413,47.89,8.2569,52.817,7.4924,47.924,8.4154
55.244,9.5413,48.711,8.2569,53.655,7.4924,48.689,8.4154
56.111,9.5413,49.532,8.2569,54.452,7.4924,49.445,8.4154
56.979,9.5413,50.354,8.2569,55.27,7.4924,50.211,8.4154
57.853,9.5413,51.18,8.2569,56.102,7.4924,50.969,8.4154
58.717,9.5413,52.007,8.2569,56.918,7.4924,51.735,8.4154
59.585,9.5413,52.83,8.2569,57.716,7.4924,52.495,8.4154
60.445,9.5413,53.66,8.2569,58.551,7.4924,53.259,8.4154
61.317,9.5413,54.485,8.2569,59.362,7.4924,54.021,8.4154
62.188,9.5413,55.309,8.257,60.182,7.4924,54.782,8.4154
63.059,9.5414,56.136,8.257,60.981,7.4924,55.542,8.4154
63.913,9.5414,56.955,8.257,61.789,7.4924,56.308,8.4154
64.763,9.5414,57.786,8.257,62.572,7.4924,57.071,8.4154
65.629,9.5414,58.611,8.257,63.372,7.4924,57.83,8.4154
66.491,9.5414,59.441,8.257,64.176,7.4924,58.588,8.4154
67.36,9.5414,60.269,8.257,64.984,7.4924,59.352,8.4154
68.222,9.5414,61.083,8.257,65.793,7.4924,60.114,8.4154
69.089,9.5414,61.905,8.257,66.602,7.4924,60.877,8.4154
69.953,9.5414,62.735,8.257,67.417,7.4924,61.641,8.4154
70.831,9.5414,63.563,8.257,68.278,7.4925,62.407,8.4154
71.696,9.5414,64.388,8.257,69.081,7.4925,63.163,8.4154
72.563,9.5414,65.217,8.257,69.91,7.4925,63.93,8.4154
73.422,9.5414,66.037,8.257,70.711,7.4925,64.692,8.4154
74.291,9.5414,66.865,8.257,71.525,7.4925,65.457,8.4155
75.156,9.5414,67.691,8.257,72.306,7.4925,66.223,8.4155
76.025,9.5414,68.51,8.257,73.128,7.4925,66.987,8.4155
76.889,9.5414,69.354,8.257,73.93,7.4925,67.745,8.4155
77.759,9.5414,70.179,8.257,74.77,7.4925,68.511,8.4155
78.624,9.5414,71.003,8.257,75.583,7.4925,69.268,8.4155
79.491,9.5414,71.827,8.257,76.421,7.4925,70.036,8.4155
80.356,9.5414,72.654,8.257,77.218,7.4925,70.793,8.4155
81.223,9.5414,73.481,8.257,78.043,7.4925,71.56,8.4155
82.087,9.5414,74.306,8.257,78.841,7.4925,72.321,8.4155
82.948,9.5414,75.125,8.257,79.65,7.4925,73.085,8.4155
83.818,9.5414,75.949,8.257,80.45,7.4925,73.845,8.4155
84.699,9.5414,76.771,8.257,81.269,7.4925,74.606,8.4155
85.542,9.5414,77.585,8.257,82.121,7.4925,75.365,8.4155
86.41,9.5414,78.414,8.257,82.936,7.4925,76.131,8.4155
86.41,10.411,79.225,8.257,83.763,7.4925,76.888,8.4155
86.41,11.283,80.067,8.257,84.573,7.4925,77.654,8.4155
86.41,12.153,80.886,8.257,85.41,7.4925,78.42,8.4155
86.41,13.024,81.723,8.257,86.176,7.4925,79.184,8.4155
86.41,13.879,82.541,8.2571,87.04,7.4925,79.947,8.4155
86.41,14.749,83.382,8.2571,87.85,7.4925,80.712,8.4155
86.41,15.615,84.202,8.2571,88.742,7.4925,81.471,8.4155
86.41,16.492,84.202,9.0747,88.742,8.3033,82.237,8.4155
86.41,17.359,84.202,9.9218,88.742,9.1779,82.994,8.4155
86.41,18.225,84.202,10.739,88.742,9.978,83.759,8.4155
86.41,19.089,84.202,11.575,88.742,10.855,84.514,8.4155
86.41,19.95,84.202,12.378,88.742,11.622,85.263,8.4155
86.41,20.814,84.202,13.203,88.742,12.489,86.03,8.4155
86.41,21.682,84.202,14.044,88.742,13.272,86.03,9.179
86.41,22.554,84.202,14.863,88.742,14.15,86.03,9.9455
86.41,23.416,84.202,15.696,88.742,14.961,86.03,10.709
86.41,24.282,84.202,16.519,88.742,15.831,86.03,11.473
86.41,25.151,84.202,17.344,88.741,16.645,86.03,12.239
86.41,26.015,84.202,18.18,88.741,17.517,86.03,13.004
86.41,26.885,84.202,19.011,88.741,18.333,86.03,13.77
86.41,27.746,84.202,19.832,88.741,19.22,86.03,14.536
86.41,28.617,84.202,20.661,88.741,20.035,86.03,15.299
86.41,29.491,84.202,21.481,88.741,20.9,86.03,16.068
86.41,30.351,84.202,22.306,88.741,21.711,86.03,16.831
86.41,31.222,84.202,23.128,88.741,22.541,86.03,17.6
86.41,32.086,84.202,23.96,88.741,23.366,86.03,18.364
86.41,32.956,84.202,24.78,88.741,24.251,86.03,19.128
86.41,33.826,84.202,25.609,88.741,25.087,86.03,19.895
86.41,34.694,84.202,26.426,88.741,25.964,86.03,20.663
86.41,35.571,84.202,27.258,88.741,26.763,86.03,21.432
86.41,36.435,84.202,28.078,88.741,27.637,86.03,22.194
86.41,37.309,84.202,28.906,88.741,28.571,86.03,22.962
86.41,38.173,84.202,29.727,88.741,29.518,86.03,23.728
86.41,39.034,84.202,30.557,88.741,30.488,86.03,24.491
86.41,39.901,84.202,31.376,88.741,31.44,86.03,25.262
86.41,40.767,84.202,32.206,88.741,32.279,86.03,26.027
86.41,41.634,84.202,33.028,88.741,33.146,86.03,26.794
86.41,42.503,84.202,33.858,88.741,33.994,86.03,27.559
86.41,43.375,84.202,34.68,88.741,34.864,86.03,28.329
86.41,44.238,84.202,35.51,88.741,35.682,86.03,29.103
86.41,45.096,84.202,36.337,88.741,36.536,86.03,29.869
86.41,45.968,84.202,37.165,88.741,37.356,86.03,30.629
86.41,46.828,84.202,37.997,88.741,38.224,86.03,31.394
86.41,47.692,84.202,38.826,88.741,39.063,86.03,32.157
86.41,48.557,84.202,39.654,88.741,39.954,86.03,32.923
86.41,49.423,84.202,40.493,88.741,40.834,86.03,33.69
86.41,50.29,84.202,41.314,88.741,41.685,86.03,34.455
86.41,51.154,84.202,42.148,88.741,42.539,86.03,35.22
86.41,52.025,84.202,42.972,88.741,43.382,86.03,35.98
86.41,52.895,84.202,43.803,88.741,44.238,86.03,36.748
86.41,53.734,84.202,44.636,88.741,45.099,86.03,37.512
86.41,54.596,84.202,45.469,88.741,45.976,86.03,38.284
86.41,55.463,84.202,46.279,88.741,46.854,86.03,39.051
86.41,56.335,84.202,47.098,88.741,47.696,86.03,39.822
86.41,57.205,84.202,47.938,88.741,48.579,86.03,40.596
86.41,58.078,84.202,48.768,88.741,49.438,86.03,41.358
86.41,58.948,84.202,49.604,88.741,50.311,86.03,42.127
86.41,59.819,84.202,50.424,88.741,51.167,86.03,42.889
86.41,60.689,84.202,51.251,88.741,52.029,86.03,43.666
86.41,61.561,84.202,52.082,88.741,52.878,86.03,44.429
86.41,62.425,84.202,52.913,88.741,53.714,86.03,45.197
86.41,63.293,84.202,53.741,88.741,54.58,86.03,45.959
86.41,64.155,84.202,54.576,88.741,55.466,86.03,46.733
86.41,65.025,84.202,55.397,88.741,56.331,86.03,47.496
86.41,65.886,84.202,56.234,88.741,57.196,86.03,48.261
86.41,66.741,84.202,57.055,88.741,58.05,86.03,49.033
86.41,67.615,84.202,57.86,88.741,58.889,86.03,49.803
86.41,68.493,84.202,58.71,88.741,59.753,86.03,50.569
86.41,69.351,84.202,59.527,89.607,59.753,86.03,51.337
86.41,70.217,84.202,60.357,89.607,60.609,86.03,52.107
86.41,71.079,84.202,61.179,89.607,61.496,86.03,52.879
85.54,71.079,84.202,62.01,89.607,62.282,86.03,53.644
84.674,71.079,84.202,62.825,89.607,63.188,86.03,54.42
83.803,71.079,84.202,63.671,89.607,63.95,86.03,55.181
82.938,71.079,84.202,64.489,89.607,64.767,86.03,55.949
82.069,71.079,84.202,65.319,89.607,65.604,86.03,56.716
81.2,71.079,84.202,66.132,89.607,66.446,86.03,57.487
80.322,71.079,84.202,66.973,89.607,67.287,86.03,58.255
79.459,71.079,83.382,66.973,89.607,68.108,86.03,59.035
78.59,71.079,82.55,66.973,89.607,68.932,86.03,59.802
77.732,71.079,81.724,66.973,89.607,69.748,86.03,60.572
76.861,71.079,80.892,66.973,89.607,70.569,86.03,61.339
76.003,71.079,80.082,66.973,88.786,70.569,86.03,62.111
75.137,71.079,79.244,66.973,87.983,70.569,86.03,62.874
74.265,71.079,78.427,66.973,87.156,70.569,86.03,63.647
73.396,71.079,77.594,66.973,86.338,70.569,86.03,64.415
72.521,71.079,76.782,66.973,85.533,70.569,86.03,65.188
71.649,71.079,75.948,66.973,84.71,70.569,86.03,65.958
70.774,71.079,75.127,66.973,83.887,70.569,86.03,66.725
69.922,71.079,74.287,66.973,83.046,70.569,86.03,67.495
69.056,71.079,73.468,66.973,82.227,70.569,86.03,68.264
68.181,71.079,72.638,66.973,81.408,70.569,86.03,69.028
67.317,71.079,71.821,66.973,80.596,70.569,86.03,69.805
66.439,71.079,70.977,66.973,79.75,70.569,86.03,70.57
65.574,71.079,70.162,66.973,78.919,70.569,86.03,71.348
64.696,71.079,69.324,66.973,78.107,70.569,86.03,72.095
63.832,71.079,68.498,66.973,77.28,70.569,86.03,72.887
62.983,71.079,67.663,66.973,76.459,70.569,86.03,73.654
62.102,71.079,66.848,66.973,75.643,70.569,85.253,73.654
61.251,71.079,66.011,66.973,74.804,70.569,84.49,73.654
60.393,71.079,65.195,66.973,73.985,70.569,83.728,73.654
59.517,71.079,64.363,66.973,73.197,70.569,82.963,73.654
58.651,71.079,63.544,66.973,73.197,71.399,82.193,73.654
57.785,71.079,62.709,66.973,72.36,71.399,81.431,73.654
56.912,71.079,61.893,66.973,72.36,72.208,80.661,73.654
56.047,71.079,61.054,66.973,71.562,72.208,79.9,73.654
55.182,71.079,60.236,66.973,70.739,72.208,79.133,73.654
54.311,71.079,59.399,66.973,69.921,72.208,78.376,73.654
53.447,71.079,58.586,66.973,69.104,72.208,77.609,73.654
52.58,71.079,57.754,66.973,68.273,72.208,76.852,73.654
51.719,71.079,56.931,66.973,67.47,72.208,76.087,73.654
50.839,71.079,56.091,66.973,66.669,72.208,75.33,73.654
49.98,71.079,55.267,66.973,65.878,72.208,74.564,73.654
49.117,71.079,54.438,66.973,65.029,72.208,73.806,73.654
48.244,71.079,53.627,66.973,64.253,72.208,73.04,73.654
47.37,71.079,52.788,66.973,64.253,73.026,72.279,73.654
46.502,71.079,51.971,66.973,64.253,73.824,71.508,73.654
45.635,71.079,51.134,66.973,63.436,73.824,70.754,73.654
44.766,71.079,50.316,66.973,63.436,74.668,69.983,73.654
44.766,71.945,49.483,66.973,62.566,74.668,69.23,73.654
44.766,72.808,48.658,66.973,62.566,75.475,68.46,73.654
44.766,73.679,47.828,66.973,61.716,75.475,67.708,73.654
44.766,74.554,47.006,66.973,60.86,75.475,66.943,73.654
44.766,75.414,46.189,66.973,60.01,75.475,66.191,73.654
44.766,76.288,45.361,66.973,60.01,76.347,65.431,73.654
44.766,77.178,44.537,66.973,59.181,76.347,64.671,73.654
44.766,78.033,43.707,66.973,58.366,76.347,63.908,73.654
44.766,78.902,42.879,66.973,58.366,77.187,63.156,73.654
44.766,79.774,42.057,66.973,57.543,77.187,62.387,73.654
44.766,80.64,41.229,66.973,56.714,77.187,61.632,73.654
43.908,80.64,40.4,66.973,55.862,77.187,60.867,73.654
43.037,80.64,40.4,67.812,54.988,77.187,60.109,73.654
42.175,80.64,40.4,68.631,54.988,77.984,59.346,73.654
41.323,80.64,40.4,69.473,54.988,78.822,58.59,73.654
40.451,80.64,40.4,70.277,54.988,79.625,57.824,73.654
39.588,80.64,40.4,71.125,54.988,80.457,57.067,73.654
38.712,80.64,40.4,71.946,54.988,81.276,56.304,73.654
37.845,80.64,40.4,72.793,54.988,82.129,55.545,73.654
36.972,80.64,40.4,73.606,54.988,82.956,54.779,73.654
36.101,80.64,40.4,74.435,54.988,83.791,54.023,73.654
35.223,80.64,40.4,75.247,54.988,84.618,53.256,73.654
34.359,80.64,40.4,76.08,54.988,85.434,52.501,73.654
33.487,80.64,39.588,76.08,54.988,86.316,51.736,73.654
32.631,80.64,38.752,76.08,54.988,87.129,50.977,73.654
31.758,80.64,37.942,76.08,54.141,87.129,50.213,73.654
30.891,80.64,37.102,76.08,53.333,87.129,49.452,73.654
30.024,80.64,36.285,76.08,52.489,87.129,48.691,73.654
29.153,80.64,35.458,76.08,51.684,87.129,47.935,73.654
28.284,80.64,34.641,76.08,50.857,87.129,47.169,73.654
27.415,80.64,33.812,76.08,50.036,87.129,46.415,73.654
26.556,80.64,33.003,76.08,49.228,87.129,45.651,73.654
25.679,80.64,32.172,76.08,48.405,87.129,44.894,73.654
24.814,80.64,31.36,76.08,47.577,87.129,44.144,73.654
23.947,80.64,30.522,76.08,46.759,87.129,43.387,73.654
23.084,80.64,29.706,76.08,45.933,87.129,43.387,74.417
22.204,80.64,28.869,76.08,45.131,87.129,43.387,75.171
21.34,80.64,28.049,76.08,44.306,87.129,43.387,75.935
20.47,80.64,27.218,76.08,43.486,87.129,43.387,76.693
19.608,80.64,26.392,76.08,42.677,87.129,43.387,77.457
18.74,80.64,25.567,76.08,41.853,87.129,43.387,78.217
17.879,80.64,24.748,76.08,41.018,87.129,43.387,78.979
17.008,80.64,23.921,76.08,40.215,87.129,43.387,79.744
16.147,80.64,23.105,76.08,39.392,87.129,43.387,80.502
15.277,80.64,22.269,76.08,38.603,87.129,43.387,81.264
14.415,80.64,21.463,76.08,37.775,87.129,43.387,82.028
13.542,80.64,20.632,76.08,36.957,87.129,43.387,82.792
12.677,80.64,19.813,76.08,36.123,87.129,43.387,83.572
11.813,80.64,18.977,76.08,35.313,87.129,43.387,84.337
10.949,80.64,18.158,76.08,34.516,87.129,42.625,84.337
10.08,80.64,17.325,76.08,33.702,87.129,41.862,84.337
9.2176,80.64,16.511,76.08,32.875,87.129,41.095,84.337
8.3515,80.64,15.682,76.08,32.077,87.129,40.34,84.337
7.4796,80.64,14.863,76.08,31.249,87.129,39.571,84.337
6.6106,80.64,14.019,76.08,30.452,87.129,38.817,84.337
5.7601,80.64,13.205,76.08,29.643,87.129,38.054,84.337
4.8843,80.64,12.365,76.08,28.835,87.129,37.297,84.337
4.0164,80.64,11.549,76.08,28.038,87.129,36.532,84.337
4.0164,80.64,10.709,76.08,27.22,87.129,35.775,84.337
4.0164,80.64,9.8953,76.08,26.406,87.129,35.012,84.337
4.0164,80.64,9.086,76.08,26.406,87.965,34.254,84.337
0,0,8.2443,76.08,25.608,87.965,33.488,84.337
0,0,7.436,76.08,24.819,87.965,32.729,84.337
0,0,6.5967,76.08,24.056,87.965,31.964,84.337
0,0,5.7853,76.08,23.342,87.965,31.207,84.337
0,0,4.9543,76.08,22.548,87.965,30.444,84.337
0,0,4.1637,76.08,21.711,87.965,29.688,84.337
0,0,3.3262,76.08,21.038,87.965,28.925,84.337
0,0,2.5125,76.08,21.038,88.484,28.174,84.337
0,0,1.7045,76.08,20.358,88.484,27.409,84.337
0,0,0.87452,76.08,20.358,89.307,26.654,84.337
0,0,0.026051,76.08,20.358,89.307,25.888,84.337
0,0,0.026051,76.08,20.358,89.307,25.137,84.337
0,0,0.026051,76.08,20.358,89.307,24.37,84.337
0,0,0.026051,76.08,20.358,89.307,23.612,84.337
0,0,0.026051,76.08,20.358,89.307,22.843,84.337
0,0,0.026051,76.08,20.358,89.307,22.09,84.337
0,0,0.026051,76.08,20.358,89.307,21.327,84.337
0,0,0,0,20.358,89.307,20.57,84.337
0,0,0,0,0,0,19.803,84.337
0,0,0,0,0,0,19.049,84.337
0,0,0,0,0,0,18.279,84.337
0,0,0,0,0,0,17.525,84.337
0,0,0,0,0,0,16.763,84.337
0,0,0,0,0,0,16.008,84.337
0,0,0,0,0,0,15.239,84.337
0,0,0,0,0,0,15.239,85.091
0,0,0,0,0,0,14.477,85.091
0,0,0,0,0,0,13.717,85.091
0,0,0,0,0,0,12.952,85.091
0,0,0,0,0,0,12.197,85.091
0,0,0,0,0,0,11.429,85.091
0,0,0,0,0,0,10.675,85.091
0,0,0,0,0,0,9.9145,85.091
0,0,0,0,0,0,9.1597,85.091
0,0,0,0,0,0,8.3945,85.091
0,0,0,0,0,0,7.6355,85.091
0,0,0,0,0,0,6.8709,85.091
0,0,0,0,0,0,6.1173,85.091
0,0,0,0,0,0,5.3564,85.091
0,0,0,0,0,0,4.6241,85.091
0,0,0,0,0,0,3.8887,85.091
0,0,0,0,0,0,3.1411,85.091
0,0,0,0,0,0,2.3906,85.091
0,0,0,0,0,0,1.6446,85.091
0,0,0,0,0,0,0.86736,85.091
0,0,0,0,0,0,0.13659,85.091
