0.7
0.85955
0.78297
0.81292
0.81152
0.83428
0.81178
0.82755
0.81604
0.82625
0.8263
0.82675
0.83163
0.8221
0.81949
0.82942
0.81519
0.8263
0.82094
0.8281
0.81988
0.82119
0.84104
0.81892
0.82685
0.82216
0.81533
0.8292
0.81333
0.80554
0.83068
0.82081
0.82852
0.821
0.8359
0.82229
0.82161
0.81849
0.82137
0.8169
0.83615
0.82168
0.82457
0.81634
0.82661
0.81959
0.83328
0.83518
0.82533
0.81323
0.83468
0.83085
0.82138
0.83416
0.82183
0.82863
0.82269
0.81632
0.82489
0.82387
0.8313
0.83387
0.82912
0.81847
0.82757
0.82323
0.82898
0.81136
0.82942
0.81938
0.83998
0.81657
0.82701
0.82066
0.83168
0.81345
0.82904
0.81458
0.83659
0.81254
0.84311
0.81988
0.82733
0.81469
0.82963
0.81501
0.83663
0.81191
0.8363
0.81044
0.83557
0.81594
0.83541
0.81947
0.83547
0.81819
0.82914
0.81729
0.82738
0.81438
0.83409
0.80523
0.83225
0.81436
0.8427
0.80842
0.83549
0.80659
0.8317
0.82254
0.83105
0.81298
0.8414
0.8154
0.83264
0.81068
0.83345
0.81482
0.82786
0.81266
0.82837
0.81033
0.83705
0.81021
0.82771
0.82556
0.82802
0.81533
0.82202
0.81029
0.82949
0.82179
0.83228
0.82093
0.83175
0.82348
0.82484
0.82096
0.82622
0.82789
0.82365
0.81421
0.82445
0.81277
0.82452
0.81828
0.82918
0.81765
0.83317
0.82043
0.81164
0.82627
0.8333
0.81536
0.83527
0.81689
0.83611
0.81369
0.83423
0.81791
0.8364
0.80883
0.834
0.81471
0.83541
0.81148
0.83792
0.80334
0.82864
0.82653
0.81547
0.78879
0.86309
0
