0.7
0.81139
0.83767
0.80145
0.83174
0.81212
0.81894
0.81952
0.82658
0.81519
0.82392
0.82494
0.83982
0.82469
0.82114
0.82742
0.8195
0.82236
0.82527
0.82019
0.83321
0.82193
0.8241
0.83448
0.82422
0.83305
0.82184
0.82191
0.8188
0.82319
0.82193
0.83524
0.82545
0.8171
0.81947
0.82116
0.81776
0.82408
0.82177
0.8264
0.82145
0.83056
0.81996
0.82458
0.82757
0.82132
0.82962
0.82155
0.82752
0.80517
0.83086
0.81855
0.81628
0.83451
0.8129
0.83311
0.81932
0.8269
0.82287
0.82319
0.8448
0.82724
0.82823
0.82293
0.8181
0.82084
0.82163
0.82598
0.81943
0.82708
0.82382
0.82019
0.84252
0.82299
0.82129
0.8214
0.82168
0.82626
0.82632
0.82348
0.82986
0.82519
0.82428
0.82621
0.81949
0.83129
0.82477
0.82965
0.82837
0.81417
0.82151
0.83051
0.82796
0.82468
0.82859
0.82089
0.82707
0.82644
0.81914
0.84433
0.82452
0.82364
0.82477
0.82627
0.82697
0.82586
0.81855
0.82358
0.82233
0.81455
0.8285
0.81114
0.84196
0.8187
0.83699
0.81856
0.84105
0.81961
0.81768
0.84711
0.81677
0.83678
0.80224
0.82512
0.84147
0.81865
0.83327
0.823
0.82448
0.83608
0.83098
0.82094
0.8292
0.82058
0.82509
0.82177
0.8313
0.82014
0.82936
0.81691
0.83159
0.82044
0.82837
0.82112
0.82955
0.8194
0.82911
0.8222
0.83059
0.82166
0.82963
0.82755
0.82751
0.83206
0.82957
0.82795
0.83834
0.82153
0.83343
0.82421
0.83077
0.83317
0.83282
0.81016
0.81901
0.84044
0.83017
0.83543
0.82018
0.82696
0.83109
0.83147
0.82728
0.83571
0.82037
0.83725
0.8205
0.805
0.85017
0.8172
0.83002
0.82174
0.83169
0.81465
0.84593
0.81822
0.82937
0.81381
0.84059
0.8197
0.83212
0.8255
0.83221
0.81002
0.83779
0.81689
0.8329
0.81207
0.83428
0.8215
0.83951
0.81872
0.83048
0.8171
0.84371
0.81467
0.83885
0.82526
0.83515
0.8149
0.83686
0.8166
0.83189
0.81849
0.83517
0.81668
0.83815
0.81828
0.83702
0.81332
0.83199
0.82245
0.84017
0.8244
0.82903
0.81102
0.83907
0.817
0.83708
0.81771
0.8327
0.82474
0.83012
0.822
0.81769
0.82808
0.82346
0.83043
0.82807
0.82139
0.8283
0.82877
0.83872
0.81939
0.84141
0.80414
0.84787
0.82166
0.84687
0.81291
0.82899
0.81176
0.83278
0.81174
0.83618
0.81007
0.84005
0.81701
0.82655
0.81703
0.82977
0.8085
0.83072
0.81278
0.83719
0.81646
0.83657
0.82086
0.83083
0.82583
0.82514
0.81831
0.82791
0.81575
0.83584
0.80623
0.83064
0.81941
0.83568
0.8194
0.83211
0.81495
0.82866
0.81921
0.84395
0.81354
0.84005
0.81642
0.83967
0.8137
0.80936
0.84161
0.80835
0.83929
0.81145
0.83096
0.79063
0.83744
0.81372
0.80797
0.83001
0.84847
0
0
0
0
0
0
0
