0.7
0.82343
0.82915
0.81924
0.82563
0.81873
0.83644
0.82102
0.83085
0.82168
0.82486
0.82416
0.82562
0.82363
0.82517
0.82723
0.81993
0.82454
0.83164
0.82459
0.82409
0.81722
0.83097
0.8224
0.83121
0.82153
0.8225
0.82555
0.82456
0.82242
0.8313
0.82101
0.82675
0.82805
0.82441
0.82648
0.81966
0.82159
0.82082
0.82627
0.82042
0.82573
0.82531
0.81963
0.82254
0.82938
0.83001
0.81788
0.82155
0.82463
0.82299
0.81908
0.8353
0.81589
0.84899
0.81515
0.81812
0.8262
0.81534
0.82027
0.81752
0.82773
0.81368
0.82497
0.81716
0.82825
0.81644
0.82696
0.82268
0.82546
0.82162
0.82113
0.82668
0.8202
0.82425
0.82361
0.81997
0.82902
0.81704
0.83152
0.8109
0.82738
0.81498
0.83041
0.8156
0.82207
0.8198
0.81203
0.82489
0.82279
0.82449
0.81346
0.82468
0.81745
0.81941
0.82041
0.83214
0.82234
0.82599
0.81622
0.82584
0.81353
0.82369
0.83049
0.8167
0.81022
0.81823
0.82629
0.82792
0.83383
0.83777
0.83174
0.80019
0.81524
0.82868
0.81445
0.827
0.81661
0.82289
0.82106
0.82499
0.83654
0.81604
0.82488
0.82504
0.83901
0.8275
0.80971
0.82446
0.81274
0.82896
0.8099
0.8305
0.82553
0.81994
0.82774
0.82452
0.81591
0.82023
0.81769
0.83031
0.81753
0.82743
0.81736
0.82866
0.8195
0.82846
0.81898
0.83045
0.81576
0.82542
0.8175
0.82727
0.81605
0.8218
0.81928
0.82505
0.81788
0.8251
0.82313
0.82983
0.81416
0.82753
0.81764
0.8306
0.81827
0.82285
0.81526
0.82533
0.81474
0.83012
0.817
0.83092
0.82035
0.80397
0.83066
0.81334
0.82839
0.81624
0.83238
0.81423
0.83137
0.81649
0.8253
0.81449
0.82864
0.83019
0.81627
0.82269
0.82027
0.82377
0.81723
0.82061
0.8196
0.81437
0.82066
0.82114
0.82615
0.8197
0.8291
0.81212
0.82373
0.82063
0.82305
0.81624
0.83231
0.81413
0.82286
0.82676
0.82461
0.82416
0.82974
0.81926
0.82629
0.8213
0.82771
0.82666
0.82088
0.81846
0.81936
0.83775
0.82337
0.82283
0.83508
0.82179
0.82161
0.81573
0.82546
0.81823
0.82119
0.81937
0.84411
0.81795
0.8055
0.82308
0.81969
0.83073
0.82445
0.82468
0.82017
0.82578
0.82353
0.82515
0.82346
0.8207
0.83443
0.82526
0.81524
0.82128
0.8234
0.82251
0.82626
0.82752
0.82493
0.82496
0.82766
0.82295
0.81634
0.82081
0.83174
0.82865
0.82447
0.82487
0.82203
0.82704
0.81864
0.84288
0.8205
0.82296
0.81883
0.82202
0.82286
0.82047
0.82569
0.81847
0.82967
0.82223
0.82455
0.82128
0.82716
0.81954
0.81765
0.83168
0.82551
0.81879
0.82631
0.82322
0.82479
0.82488
0.83478
0.81835
0.81912
0.81841
0.82733
0.82021
0.82663
0.83673
0.82078
0.82557
0.8207
0.82157
0.82105
0.81538
0.82301
0.83908
0.81909
0.82475
0.82116
0.81896
0.82343
0.82128
0.82178
0.82441
0.8265
0.82669
0.82996
0.82089
0.79956
0.84012
0.82313
0.8222
0.83019
0.82714
0.82989
0.82005
0.82511
0.82046
0.83402
0.8208
0.82463
0.82588
0.83114
0.82094
0.83453
0.80556
0.82671
0.8353
0.82355
0.83038
0.82544
0.83239
0.829
0.82561
0.82311
0.8268
0.81856
0.82848
0.82395
0.83098
0.81693
0.82876
0.82353
0.82077
0.82556
0.81987
0.82458
0.82381
0.81954
0.83132
0.8223
0.82954
0.82266
0.82854
0.81816
0.82759
0.82064
0.8186
0.8199
0.82272
0.82387
0.82401
0.81899
0.82551
0.82612
0.8212
0.82568
0.82651
0.82095
0.83035
0.83396
0.82331
0.82582
0.81756
0.81805
0.8232
0.82673
0.82298
0.82132
0.82633
0.82022
0.82393
0.82137
0.82727
0.8309
0.82628
0.82542
0.82955
0.82276
0.82679
0.82512
0.82459
0.81868
0.83186
0.824
0.82489
0.82024
0.83127
0.83623
0.82506
0.83971
0.82435
0.82325
0.82191
0.82229
0.82937
0.82038
0.82555
0.82609
0.81839
0.8172
0.82275
0.83076
0.8181
0.82989
0.82866
0.81456
0.84107
0.81535
0.82663
0.82415
0.83732
0.82036
0.81598
0.81943
0.82112
0.8294
0.8195
0.80468
0.82309
0.82174
0.8278
0.81473
0.82305
0.8206
0.82618
0.83321
0.81759
0.83118
0.81929
0.82527
0.82324
0.82056
0.8227
0.82109
0.8209
0.82217
0.82654
0.8189
0.82324
0.82461
0.82111
0.8347
0.82059
0.82137
0.82764
0.82643
0.82634
0.81638
0.83111
0.82503
0.83329
0.81086
0.8333
0.81364
0.83298
0.8248
0.81676
0.84559
0.81746
0.80957
0.82881
0.82019
0.82791
0.82384
0.83392
0.81844
0.83329
0.83089
0.82501
0.82689
0.83044
0.81634
0.83492
0.8197
0.82779
0.83198
0.83067
0.81337
0.82789
0.81698
0.8332
0.82022
0.84125
0.81867
0.83126
0.81454
0.84404
0.8164
0.83488
0.82213
0.83291
0.81854
0.83584
0.81961
0.83061
0.81277
0.81465
0.8379
0.81506
0.83919
0.81616
0.83435
0.81645
0.83921
0.81391
0.83212
0.82246
0.83156
0.82105
0.8278
0.8223
0.8345
0.81578
0.83017
0.82611
0.82796
0.8194
0.8268
0.82093
0.83169
0.81841
0.83016
0.8158
0.8287
0.82593
0.82961
0.8139
0.82892
0.81929
0.81736
0.82303
0.83261
0.81338
0.8321
0.81522
0.83279
0.817
0.83057
0.82473
0.83132
0.82506
0.83494
0.811
0.83433
0.82767
0.8231
0.8282
0.81713
0.81661
0.81627
0.82246
0.84942
0.82193
0.81752
0.81761
0
0
0
0
0
0
0
0
