0.7
0.76348
0.74781
0.75783
0.75636
0.76192
0.76123
0.76571
0.76003
0.76415
0.75758
0.76338
0.75835
0.76259
0.76651
0.76074
0.76424
0.76133
0.76852
0.76041
0.76921
0.76066
0.76402
0.75878
0.76951
0.76063
0.76102
0.76453
0.76408
0.76151
0.7636
0.76097
0.75679
0.76322
0.76345
0.76086
0.76504
0.75973
0.76229
0.76529
0.76121
0.75922
0.76355
0.76122
0.7634
0.75775
0.76043
0.75875
0.76771
0.75254
0.76568
0.7586
0.74816
0.76644
0.76483
0.76015
0.76177
0.77097
0.75906
0.76942
0.76573
0.76621
0.76318
0.76171
0.77218
0.76712
0.76993
0.75614
0.766
0.75833
0.76413
0.75931
0.76446
0.75691
0.76446
0.75579
0.76686
0.75796
0.7657
0.7603
0.76353
0.76244
0.76115
0.75916
0.7659
0.76339
0.75908
0.75819
0.76408
0.76157
0.7632
0.76403
0.76598
0.75638
0.76686
0.7617
0.76548
0.76581
0.76362
0.75796
0.76595
0.75722
0.76784
0.75756
0.76649
0.76109
0.764
0.75974
0.76086
0.75976
0.76539
0.75726
0.76611
0.76557
0.76464
0.76294
0.76492
0.75911
0.76555
0.75697
0.76503
0.7549
0.74886
0.76769
0.76347
0.76649
0.76311
0.76417
0.76654
0.76512
0.76584
0.76606
0.76251
0.76897
0.76316
0.76933
0.76341
0.76386
0.76698
0.76839
0.7691
0.76209
0.76756
0.76593
0.76367
0.77036
0.76488
0.76733
0.76509
0.77017
0.77395
0.76567
0.75977
0.7651
0.76385
0.76597
0.76619
0.76586
0.76485
0.75999
0.76789
0.76397
0.77171
0.76745
0.77099
0.77389
0.76176
0.76952
0.76196
0.77619
0.7636
0.76777
0.76173
0.77408
0.76301
0.7653
0.77211
0.7693
0.76695
0.76735
0.76993
0.7723
0.76477
0.77572
0.76168
0.76812
0.76678
0.77098
0.76831
0.77967
0.76685
0.76986
0.76669
0.77206
0.76377
0.77304
0.76792
0.77279
0.76983
0.76751
0.7692
0.76913
0.76463
0.77678
0.76452
0.7779
0.74752
0.79141
0.76725
0.7767
0.76352
0.76141
0.76556
0.76951
0.76248
0.76974
0.76091
0.76658
0.75718
0.76737
0.75678
0.765
0.7566
0.76662
0.75792
0.76606
0.76081
0.77081
0.75473
0.77018
0.75379
0.76988
0.75182
0.76497
0.75228
0.75993
0.75971
0.7628
0.75229
0.76903
0.75471
0.76534
0.75745
0.76331
0.75573
0.76623
0.75753
0.763
0.75889
0.76545
0.7558
0.76791
0.7542
0.76507
0.7591
0.7643
0.76134
0.76018
0.75645
0.76611
0.75417
0.76381
0.7571
0.74999
0.75662
0.76345
0.75322
0.76422
0.75794
0.76444
0.75951
0.76257
0.76488
0.75824
0.76112
0.76452
0.76412
0.78024
0.76426
0.76165
0.76365
0.7668
0.75444
0.76899
0.75401
0.76364
0.75635
0.76536
0.75708
0.76291
0.75842
0.76556
0.7595
0.76483
0.75638
0.76329
0.75589
0.76353
0.7511
0.76448
0.75545
0.7657
0.75138
0.76669
0.7575
0.76898
0.75338
0.76352
0.75681
0.76719
0.75347
0.76959
0.75444
0.76241
0.75505
0.76854
0.75411
0.76225
0.75958
0.76566
0.75481
0.76744
0.75452
0.76023
0.75484
0.7652
0.75896
0.76463
0.75357
0.76096
0.73225
0.73542
0.74765
0.75046
0.74599
0.77725
0.73077
0
