0.7
0.78058
0.79244
0.7692
0.7516
0.7428
0.7603
0.74243
0.7671
0.75222
0.75783
0.76026
0.75816
0.76456
0.75562
0.76024
0.76153
0.76076
0.75857
0.76025
0.7596
0.76237
0.75974
0.765
0.76238
0.76106
0.76394
0.76336
0.76249
0.76344
0.75988
0.76565
0.76365
0.76303
0.76232
0.76257
0.75978
0.7631
0.76487
0.76197
0.75806
0.76505
0.76083
0.76609
0.75961
0.75922
0.75851
0.76357
0.76146
0.76546
0.75751
0.76688
0.76048
0.76374
0.76104
0.76239
0.75684
0.76111
0.76453
0.76028
0.75499
0.76645
0.75263
0.78231
0.76238
0.76405
0.7542
0.76462
0.75905
0.75063
0.76856
0.75671
0.75893
0.75773
0.76019
0.75616
0.76091
0.75735
0.75481
0.76076
0.76115
0.76
0.75975
0.75421
0.76247
0.75951
0.75369
0.75929
0.76909
0.75899
0.7695
0.76082
0.7564
0.75555
0.75993
0.75766
0.75706
0.76007
0.75284
0.75912
0.75598
0.7556
0.75553
0.75499
0.76268
0.73639
0.75386
0.75044
0.75669
0.7599
0.76012
0.76143
0.76063
0.76611
0.75208
0.76582
0.75993
0.76332
0.75287
0.7706
0.75939
0.76327
0.76983
0.78421
0.77873
0.76305
0.76394
0.76925
0.76415
0.75862
0.76388
0.76062
0.76136
0.7639
0.75808
0.76519
0.75825
0.7761
0.74351
0.77441
0.76436
0.76438
0.75395
0.76087
0.76243
0.75981
0.75963
0.75937
0.76457
0.76065
0.76
0.76131
0.76078
0.75527
0.76075
0.75987
0.76111
0.75519
0.76376
0.75791
0.76202
0.75683
0.75851
0.75332
0.76345
0.76174
0.75853
0.76223
0.75956
0.7572
0.76877
0.76232
0.76125
0.7616
0.75998
0.76383
0.76484
0.76127
0.77012
0.76026
0.76247
0.76537
0.76444
0.7611
0.76743
0.75688
0.76098
0.75959
0.76056
0.75632
0.75727
0.76007
0.75819
0.76094
0.75598
0.76014
0.75805
0.76063
0.75914
0.75758
0.76087
0.75736
0.76788
0.75605
0.75863
0.76163
0.76337
0.75606
0.76394
0.76023
0.75889
0.76748
0.7529
0.76005
0.75997
0.75645
0.75566
0.76221
0.75531
0.75465
0.75442
0.76167
0.75924
0.75721
0.76071
0.75333
0.7636
0.76837
0.75109
0.75341
0.7627
0.76171
0.75762
0.76226
0.76196
0.75881
0.76852
0.76265
0.764
0.76422
0.76353
0.76714
0.76649
0.7615
0.76458
0.76744
0.76022
0.76055
0.76161
0.75989
0.76188
0.77322
0.7591
0.77164
0.76665
0.76757
0.76991
0.76291
0.76241
0.76703
0.76288
0.76472
0.75646
0.76126
0.77175
0.76279
0.77566
0.75875
0.76819
0.75869
0.77165
0.75884
0.75213
0.769
0.7598
0.75985
0.75865
0.75891
0.76425
0.76146
0.75791
0.76215
0.76383
0.76002
0.76148
0.76051
0.75996
0.75938
0.7618
0.75894
0.76071
0.75799
0.76401
0.76209
0.76151
0.76435
0.76488
0.75953
0.75932
0.75841
0.75968
0.76213
0.76097
0.76149
0.76001
0.76219
0.76292
0.75921
0.76795
0.76858
0.7604
0.76338
0.76629
0.76584
0.76257
0.76294
0.76567
0.75862
0.76441
0.76661
0.76394
0.75885
0.7657
0.7659
0.76469
0.76459
0.75915
0.76391
0.76549
0.76438
0.76366
0.7686
0.76083
0.77032
0.76641
0.76314
0.76645
0.75832
0.7631
0.77358
0.76588
0.76043
0.76682
0.75949
0.76669
0.75799
0.76079
0.76762
0.76952
0.76228
0.76473
0.75778
0.76818
0.76255
0.76761
0.76365
0.7682
0.7587
0.76682
0.75571
0.76914
0.75476
0.76204
0.76141
0.76294
0.75615
0.76811
0.75868
0.76981
0.75758
0.76605
0.7646
0.7591
0.75946
0.76764
0.76725
0.76578
0.76312
0.7645
0.76519
0.76197
0.76668
0.7648
0.75895
0.76299
0.76576
0.76756
0.76559
0.7622
0.76689
0.76241
0.76318
0.76555
0.76486
0.7653
0.76253
0.76915
0.76209
0.76356
0.76111
0.77061
0.75652
0.76762
0.76357
0.76561
0.7629
0.77006
0.76327
0.76249
0.76634
0.76208
0.76091
0.76543
0.76023
0.76684
0.7568
0.77551
0.76413
0.77287
0.76929
0.76669
0.768
0.76157
0.7691
0.7694
0.76461
0.77305
0.77489
0.77162
0.76465
0.76257
0.76821
0.76647
0.77569
0.765
0.75691
0.76753
0.75805
0.76862
0.75999
0.76812
0.76568
0.77097
0.76588
0.76315
0.77344
0.77292
0.76965
0.76318
0.76431
0.76739
0.76026
0.75607
0.77085
0.76967
0.76724
0.77333
0.76651
0.76302
0.77059
0.76362
0.76573
0.76626
0.76726
0.76485
0.76711
0.76598
0.76811
0.75715
0.76447
0.75666
0.77575
0.76317
0.76734
0.76052
0.76559
0.76047
0.75982
0.76089
0.76773
0.75909
0.75535
0.76321
0.76259
0.76266
0.76036
0.7623
0.76358
0.76649
0.76514
0.76206
0.7648
0.76131
0.76442
0.75804
0.76835
0.75879
0.76513
0.76158
0.76076
0.76826
0.76024
0.76478
0.7632
0.76632
0.76094
0.76604
0.76374
0.76774
0.76151
0.76694
0.76456
0.7685
0.7714
0.76791
0.75556
0.77442
0.76477
0.77575
0.76198
0.77899
0.75189
0.77259
0.75788
0.77407
0.75624
0.77188
0.7503
0.77205
0.75583
0.76932
0.75955
0.76855
0.76187
0.77386
0.75852
0.78056
0.75503
0.77436
0.76262
0.76967
0.75512
0.77011
0.75382
0.76475
0.76001
0.76892
0.75987
0.77435
0.75209
0.77801
0.75975
0.76562
0.75735
0.76927
0.75573
0.77375
0.75436
0.76847
0.75869
0.77018
0.75464
0.76406
0.75751
0.76669
0.75196
0.77173
0.75872
0.764
0.75739
0.76724
0.74672
0.76771
0.75251
0.76561
0.75645
0.7604
0.75279
0.76389
0.74966
0.76185
0.75792
0.762
0.75699
0.76522
0.75816
0.75805
0.75453
0.75813
0.75519
0.76257
0.76186
0.76006
0.75171
0.75746
0.75554
0.76017
0.76182
0.75072
0.76438
0.75762
0.75794
0.75312
0.76743
0.75514
0.76286
0.75286
0.75647
0.76022
0.75155
0.76209
0.75432
0.7531
0.76242
0.75992
0.75785
0.76335
0.75701
0.76291
0.7534
0.7592
0.74595
0.72748
0
0
0
0
0
0
0
0
0
0
0
