0.7
0.75989
0.75047
0.76094
0.77
0.76037
0.75868
0.77431
0.76458
0.76732
0.75907
0.76889
0.76212
0.76865
0.77047
0.76332
0.77544
0.75891
0.77781
0.75754
0.75998
0.76455
0.75316
0.76299
0.75443
0.7639
0.75679
0.76327
0.75789
0.76464
0.75803
0.76435
0.75747
0.76491
0.75954
0.76212
0.76003
0.76091
0.76591
0.75836
0.76354
0.76432
0.75784
0.76487
0.75988
0.76574
0.76805
0.76072
0.76693
0.75704
0.75976
0.76774
0.75622
0.76333
0.76301
0.76629
0.76547
0.7599
0.76058
0.77149
0.75866
0.7594
0.76416
0.76898
0.76483
0.76728
0.76521
0.76288
0.7674
0.76735
0.75919
0.7702
0.76497
0.76355
0.7581
0.7686
0.75466
0.77135
0.76016
0.77145
0.76015
0.77108
0.75675
0.77373
0.76988
0.76644
0.76391
0.7694
0.75992
0.76673
0.76401
0.76997
0.75724
0.77247
0.75782
0.77598
0.76027
0.77078
0.75967
0.76943
0.75306
0.77462
0.75381
0.77259
0.75644
0.76989
0.75983
0.76673
0.75888
0.76891
0.76317
0.76431
0.76204
0.76223
0.75369
0.76936
0.75909
0.77056
0.75738
0.76523
0.76016
0.76443
0.75628
0.77445
0.74765
0.77249
0.75477
0.76726
0.75612
0.76775
0.76332
0.76801
0.74953
0.77159
0.75162
0.76647
0.7522
0.77789
0.75055
0.76818
0.75118
0.77018
0.76022
0.76692
0.75443
0.76562
0.75642
0.76195
0.7528
0.75937
0.75025
0.75847
0.75859
0.75526
0.75874
0.76369
0.75552
0.76416
0.75263
0.76609
0.75839
0.75985
0.75636
0.76976
0.74379
0.77224
0.75153
0.7674
0.74831
0.76898
0.74509
0.75782
0.74743
0.74029
0.74012
0.77251
0.75818
0.73898
0
0
0
0
0
0
0
0
0
