0.7
0.84796
0.70785
0.72872
0.83271
0.85032
0.89172
0.86918
0.84397
0.81158
0.85127
0.89365
0.80146
0.88145
0.88058
0.83895
0.84744
0.83843
0.87399
0.84734
0.84001
0.79032
0.85331
0.81128
0.85695
0.7972
0.90204
0.83728
0.87897
0.77294
0.8585
0.76211
0.88121
0.79764
0.8588
0.78637
0.85426
0.80996
0.88445
0.8263
0.8919
0.77677
0.83831
0.79386
0.83521
0.78643
0.8604
0.77163
0.84544
0.79244
0.87258
0.80969
0.8554
0.8096
0.84895
0.80175
0.87202
0.82833
0.85497
0.80763
0.8454
0.81835
0.85684
0.80105
0.84532
0.82004
0.83895
0.81323
0.8438
0.83286
0.87289
0.87524
0.88832
0.89835
0.86522
0.85147
0.85184
0.84097
0.88439
0.86217
0.87046
0.8441
0.86178
0.85313
0.87556
0.85245
0.87178
0.86046
0.84806
0.84153
0.85035
0.82589
0.84508
0.85449
0.85126
0.8537
0.85626
0.85918
0.85025
0.85603
0.8414
0.87066
0.82626
0.88728
0.9075
0.86268
0.87695
0.857
0.85396
0.85264
0.83979
0.85441
0.84498
0.85261
0.83755
0.83916
0.8401
0.85793
0.82949
0.86924
0.84495
0.82869
0.83632
0.80157
0.83902
0.8317
0.82734
0.78679
0.84352
0.80367
0.83904
0.82752
0.85992
0.83527
0.88929
0.84235
0.87954
0.80651
0.88659
0.84575
0.86804
0.83209
0.85234
0.81821
0.84713
0.78274
0.84342
0.83643
0.78365
0.80345
0.85078
0.8104
0.8335
0.81893
0.86428
0.83689
0.86503
0.82506
0.83137
0.86419
0.83282
0.83717
0.80817
0.79531
0.81022
0.76398
0.65972
0.46834
0.64987
0.74439
0.67734
0
