0.7
0.36256
0.60716
0.79824
0.84303
0.87019
0.81365
0.92756
0.88125
0.83644
0.87699
0.84036
0.827
0.82575
0.80369
0.83784
0.82917
0.81785
0.82505
0.85438
0.84108
0.8599
0.8498
0.83718
0.82958
0.82307
0.83598
0.80854
0.80509
0.77894
0.85131
0.78836
0.82451
0.78683
0.82441
0.78676
0.86838
0.82475
0.85362
0.77859
0.84489
0.78883
0.82673
0.78495
0.81714
0.77096
0.78099
0.79113
0.81047
0.81689
0.82116
0.84918
0.8426
0.84357
0.8059
0.85258
0.83447
0.84001
0.84255
0.79536
0.87152
0.82379
0.82906
0.84883
0.80661
0.81114
0.81888
0.84644
0.83632
0.78086
0.83834
0.79184
0.81145
0.79885
0.83804
0.79731
0.81809
0.83157
0.8164
0.79788
0.83443
0.81098
0.82089
0.79863
0.80818
0.78259
0.80029
0.80433
0.80745
0.80955
0.80897
0.8142
0.86179
0.80219
0.82981
0.80045
0.81409
0.78077
0.82176
0.80242
0.8397
0.81338
0.83828
0.79715
0.82471
0.798
0.80922
0.79989
0.81859
0.85207
0.8149
0.8272
0.80972
0.83686
0.76626
0.86424
0.80988
0.89158
0.81074
0.87464
0.80007
0.87697
0.76733
0.8669
0.78299
0.8779
0.81125
0.86946
0.81455
0.87185
0.81594
0.88659
0.81505
0.86568
0.81021
0.83014
0.82519
0.88546
0.83587
0.87635
0.79925
0.8737
0.9342
0.94685
0.97052
0.95181
0.83858
0.86695
0.84893
0.86931
0.81816
0.85405
0.8203
0.86823
0.83893
0.89107
0.87952
0.85134
0.85348
0.84307
0.85603
0.86116
0.87688
0.87803
0.84238
0.88229
0.85916
0.8728
0.85678
0.86163
0.84929
0.83567
0.86635
0.88519
0.86523
0.86503
0.85373
0.83954
0.86422
0.8662
0.85563
0.8868
0.78589
0.90664
0.76147
0.81683
0.83773
0.84122
0.84123
0.82169
0.82372
0.81552
0.82119
0.82155
0.80308
0.82678
0.81765
0.80488
0.82383
0.8222
0.84119
0.81899
0.81922
0.81192
0.84624
0.83073
0.81239
0.8262
0.82097
0.81695
0.83854
0.8192
0.78797
0.82996
0.83717
0.80915
0.79736
0.82319
0.81776
0.81764
0.8305
0.80282
0.80159
0.79106
0.84861
0.77591
0.81783
0.79831
0.8169
0.8433
0.87041
0.80744
0.84982
0.85639
0.84922
0.87223
0.82976
0.81417
0.84001
0.82395
0.82873
0.85195
0.87423
0.79707
0.83766
0.8028
0.83274
0.81821
0.85307
0.82719
0.83466
0.82778
0.81607
0.88125
0.8132
0.84655
0.80837
0.84408
0.80406
0.8275
0.82113
0.8077
0.82341
0.82811
0.81752
0.82646
0.80133
0.82532
0.8201
0.80933
0.82343
0.83537
0.80291
0.82333
0.78843
0.82796
0.81803
0.83373
0.81035
0.79753
0.8138
0.82709
0.79802
0.82775
0.79669
0.80925
0.80778
0.79751
0.81808
0.81402
0.83644
0.79722
0.78898
0.76304
0.71475
0.79341
0.83712
0.67309
0.51853
0.67954
0.8228
0
0
0
0
0
0
0
0
0
