0.7
0.84379
0.81995
0.74679
0.87949
0.7546
0.83657
0.83763
0.81876
0.80959
0.80249
0.8376
0.81477
0.85332
0.81956
0.84342
0.81397
0.84121
0.81185
0.81214
0.80379
0.81697
0.84541
0.8214
0.84958
0.79959
0.80752
0.81841
0.82314
0.83713
0.82515
0.82197
0.84865
0.868
0.83679
0.89412
0.82958
0.81268
0.84134
0.85241
0.84142
0.79676
0.82369
0.81051
0.80367
0.85406
0.83193
0.846
0.83536
0.8718
0.78848
0.79079
0.77419
0.79188
0.79966
0.76475
0.78707
0.79652
0.79991
0.79299
0.8205
0.76332
0.85595
0.73489
0.82871
0.78735
0.81173
0.78802
0.8234
0.76358
0.84652
0.77748
0.83824
0.75628
0.8398
0.72903
0.85152
0.7359
0.78315
0.83474
0.75283
0.81354
0.76363
0.80759
0.76096
0.72168
0.75584
0.79113
0.76871
0.82614
0.76903
0.83289
0.83168
0.80929
0.89242
0.82004
0.84129
0.88375
0.88165
0.87726
0.89458
0.8669
0.86522
0.80858
0.80805
0.82515
0.81599
0.82241
0.82434
0.83509
0.8063
0.84035
0.79905
0.8409
0.82199
0.89305
0.87496
0.87603
0.84429
0.78929
0.79153
0.83306
0.78217
0.81926
0.77792
0.83284
0.7925
0.79922
0.79154
0.82075
0.78485
0.82863
0.79474
0.81941
0.76209
0.81895
0.78277
0.83057
0.77231
0.84345
0.77646
0.82342
0.76091
0.84452
0.78712
0.8107
0.78677
0.83322
0.77237
0.84418
0.77831
0.82383
0.7699
0.84502
0.79075
0.8273
0.7514
0.82223
0.77113
0.82149
0.77022
0.81209
0.78274
0.83457
0.7522
0.84067
0.77399
0.82202
0.79221
0.82399
0.77874
0.84062
0.79288
0.84679
0.77188
0.81285
0.77832
0.8593
0.82023
0.84108
0.75374
0.79834
0.78077
0.83528
0.80196
0.80023
0.79089
0.81968
0.76306
0.85324
0.71445
0.76376
0.82025
0.78115
0.79643
0.7542
0.81715
0.75731
0.76583
0.74677
0.82501
0.78313
0.83675
0.74485
0.84356
0.82879
0.84631
0.81795
0.85912
0.85679
0.79515
0.84633
0.76606
0.81965
0.87082
0.87386
0.87005
0.86614
0.87787
0.87407
0.85732
0.84634
0.85475
0.83889
0.85925
0.86285
0.83095
0.84083
0.82721
0.84472
0.80457
0.86476
0.86843
0.88339
0.84239
0.84406
0.84335
0.83709
0.84608
0.8329
0.86226
0.80922
0.87352
0.79747
0.83775
0.78653
0.81467
0.79785
0.82675
0.81904
0.84517
0.8513
0.84793
0.85816
0.84915
0.84467
0.85806
0.83954
0.87288
0.84983
0.80973
0.82653
0.85799
0.85869
0.84904
0.83161
0.85283
0.82977
0.84022
0.81368
0.83414
0.79992
0.85318
0.82712
0.86894
0.83924
0.87628
0.82918
0.84905
0.83867
0.84532
0.80516
0.846
0.82605
0.85885
0.81493
0.85969
0.87326
0.8697
0.83835
0.86064
0.86867
0.85864
0.86531
0.86919
0.82429
0.83133
0.81944
0.79293
0.8076
0.86156
0.83924
0.88293
0.8676
0.86729
0.81398
0.85655
0.83352
0.84672
0.79725
0.83182
0.85161
0.84441
0.82556
0.81766
0.81828
0.84697
0.81164
0.88973
0.82555
0.85784
0.80213
0.81905
0.82421
0.83597
0.84616
0.81279
0.84434
0.84023
0.86784
0.81235
0.83648
0.82254
0.84717
0.85883
0.82159
0.84781
0.81903
0.80612
0.83539
0.82964
0.83984
0.82101
0.82275
0.82185
0.8693
0.82934
0.7776
0.81653
0.83299
0.7874
0.86394
0.8243
0.86936
0.87453
0.86488
0.86643
0.80588
0.83817
0.83316
0.85031
0.85625
0.81106
0.85248
0.82695
0.82813
0.82226
0.82585
0.83349
0.86149
0.83169
0.86978
0.85332
0.7798
0.79055
0.80135
0.77149
0.78384
0.82602
0.84662
0.82768
0.84957
0.85438
0.84841
0.86474
0.80749
0.85772
0.8297
0.82595
0.8498
0.8571
0.85227
0.86128
0.86544
0.83309
0.86709
0.85549
0.88489
0.85253
0.83749
0.85499
0.85753
0.83801
0.84561
0.86565
0.86022
0.83262
0.8488
0.85119
0.85636
0.83967
0.83701
0.83957
0.86929
0.7894
0.8779
0.83242
0.84934
0.83429
0.85279
0.82383
0.83021
0.82829
0.84768
0.87043
0.84441
0.78893
0.87494
0.8351
0.83577
0.79633
0.83517
0.80023
0.82625
0.79398
0.83072
0.78265
0.8414
0.77289
0.84177
0.79213
0.79568
0.78294
0.84074
0.8198
0.80361
0.82479
0.81167
0.81144
0.82948
0.83412
0.80688
0.82343
0.79914
0.8503
0.80098
0.83188
0.82854
0.83476
0.83988
0.83926
0.80641
0.86425
0.82683
0.82215
0.81276
0.84294
0.86738
0.84865
0.80285
0.87121
0.85191
0.83758
0.83342
0.85945
0.82624
0.85729
0.8651
0.8593
0.81272
0.90921
0.82293
0.87488
0.84545
0.87878
0.84803
0.88139
0.87306
0.85789
0.80657
0.84844
0.8142
0.89091
0.82659
0.89025
0.94005
0.82842
0.87643
0.8586
0.89272
0.84146
0.8658
0.85212
0.86658
0.86049
0.86301
0.88272
0.89723
0.84119
0.84434
0.82698
0.8548
0.85898
0.85631
0.83633
0.82798
0.82721
0.82255
0.83401
0.82798
0.82485
0.81013
0.79982
0.80333
0.83125
0.79278
0.81978
0.81211
0.81959
0.80296
0.83377
0.80799
0.80716
0.76827
0.83465
0.78584
0.80815
0.78582
0.78285
0.78045
0.78883
0.74268
0.74445
0.82367
0.82103
0.81911
0.83007
0.77427
0.78971
0.76864
0.79892
0.77887
0.81226
0.80143
0.7877
0.76523
0.81196
0.81587
0.83268
0.79997
0.82706
0.77547
0.68858
0.66092
0.69076
0.60329
0.42547
0.46116
0.48848
0.49674
0.52019
0.62695
0.7112
0.61219
0.51712
0
0
0
0
0
0
0
0
0
0
0
0
0
0
0
