0.7
0.84921
0.85838
0.85606
0.85243
0.85593
0.8551
0.85381
0.85169
0.8872
0.85841
0.86631
0.86546
0.86335
0.86808
0.87076
0.86409
0.86303
0.86819
0.86446
0.87199
0.87418
0.86639
0.86701
0.85837
0.86552
0.86314
0.86729
0.87358
0.86306
0.86346
0.8588
0.86593
0.86699
0.87242
0.86717
0.86129
0.84663
0.86476
0.85963
0.87213
0.87666
0.8604
0.8701
0.862
0.86807
0.87673
0.86346
0.87481
0.86338
0.8508
0.87313
0.86393
0.86843
0.87226
0.86729
0.87968
0.86142
0.8642
0.86063
0.86811
0.86708
0.85745
0.86107
0.86965
0.86559
0.86529
0.84902
0.86513
0.87332
0.86522
0.8634
0.86524
0.87006
0.8624
0.87128
0.86866
0.86506
0.86145
0.86475
0.86939
0.8645
0.86528
0.86513
0.86533
0.86431
0.86504
0.86634
0.86638
0.8656
0.8614
0.87386
0.86765
0.85043
0.86679
0.85461
0.86615
0.86953
0.87333
0.86756
0.86559
0.85976
0.8754
0.86559
0.85632
0.86759
0.86373
0.86293
0.864
0.86558
0.85339
0.86823
0.86143
0.86725
0.86489
0.86434
0.86667
0.87306
0.86327
0.86169
0.8679
0.86601
0.86812
0.89065
0.86189
0.85543
0.86268
0.86457
0.86232
0.86617
0.87253
0.86316
0.8566
0.86189
0.8663
0.86207
0.86329
0.86649
0.86794
0.86071
0.86454
0.8604
0.87513
0.86838
0.86608
0.86001
0.86503
0.86793
0.86575
0.86427
0.86676
0.86018
0.87122
0.86301
0.87311
0.86504
0.86265
0.85363
0.86992
0.86732
0.87613
0.8455
0.87137
0.86604
0.86573
0.85941
0.86087
0.85879
0.87599
0.85992
0.85262
0.86708
0.87006
0.86928
0.8614
0.8692
0.86217
0.86369
0.87164
0.86842
0.86479
0.84706
0.86899
0.87728
0.86658
0.85489
0.86137
0.87733
0.86102
0.87132
0.86352
0.86706
0.86365
0.87201
0.85729
0.87539
0.85042
0.86663
0.8692
0.8592
0.87312
0.86509
0.86742
0.86508
0.86623
0.86033
0.86881
0.86822
0.86539
0.87029
0.85411
0.87452
0.86876
0.85952
0.87472
0.86397
0.86022
0.85095
0.86915
0.86082
0.86743
0.86493
0.86907
0.86733
0.87472
0.86339
0.86645
0.85898
0.86463
0.86983
0.8637
0.8671
0.86717
0.86895
0.87173
0.858
0.86452
0.87266
0.86193
0.86756
0.86067
0.86993
0.86563
0.86557
0.86529
0.86439
0.86381
0.86048
0.86631
0.87045
0.86251
0.87525
0.86852
0.86
0.85282
0.86825
0.86083
0.86549
0.86712
0.8594
0.86731
0.87149
0.86609
0.87752
0.8657
0.84606
0.87265
0.87147
0.86923
0.86656
0.8638
0.86467
0.86105
0.86695
0.86628
0.86612
0.86501
0.86513
0.86329
0.86681
0.8648
0.86344
0.86428
0.86692
0.8654
0.86751
0.86864
0.85795
0.86022
0.86194
0.85876
0.85623
0.84225
0.86385
0.87195
0.86775
0.86175
0.86812
0.86837
0.86174
0.8681
0.87009
0.86863
0.8622
0.84996
0.87271
0.86151
0.86664
0.86517
0.86359
0.87379
0.86818
0.86339
0.86126
0.86458
0.86264
0.86156
0.87167
0.87041
0.86592
0.86508
0.8627
0.86158
0.87281
0.85543
0.86971
0.87197
0.87525
0.85166
0.86504
0.8647
0.8677
0.86292
0.86468
0.86718
0.8686
0.86657
0.87313
0.85603
0.86472
0.87613
0.86871
0.86024
0.8524
0.86415
0.86437
0.86969
0.86626
0.86688
0.86602
0.85798
0.85201
0.85861
0.87112
0.85819
0.86855
0.87559
0.86651
0.85952
0.86982
0.8642
0.8622
0.86586
0.86476
0.85838
0.87738
0.86689
0.8615
0.86504
0.86749
0.86943
0.86495
0.86861
0.86285
0.86863
0.86696
0.86462
0.85186
0.87266
0.87052
0.86749
0.86649
0.86579
0.8562
0.86151
0.86723
0.87497
0.86412
0.86067
0.85412
0.87315
0.87098
0.8676
0.85426
0.86522
0.86454
0.85414
0.86853
0.85189
0.86457
0.86585
0.85949
0.85991
0.86808
0.86718
0.86549
0.86449
0.87394
0.85689
0.87006
0.86003
0.86243
0.86342
0.87485
0.86361
0.86806
0.86015
0.8584
0.87254
0.85195
0.85964
0.87577
0.86719
0.86173
0.86792
0.86316
0.86496
0.86296
0.86655
0.86859
0.85763
0.86702
0.87158
0.87251
0.85392
0.86896
0.86993
0.86883
0.8622
0.85735
0.86596
0.87385
0.86593
0.8664
0.86916
0.86232
0.86631
0.86312
0.86535
0.8638
0.8645
0.86066
0.86312
0.87224
0.87449
0.86754
0.86688
0.84502
0.86568
0.865
0.86845
0.86686
0.88306
0.86667
0.85142
0.86477
0.86424
0.86961
0.85206
0.86621
0.8703
0.8779
0.86261
0.85803
0.87577
0.86096
0.85668
0.86544
0.85974
0.87018
0.86111
0.87997
0.86201
0.85644
0.86184
0.87608
0.85234
0.87747
0.85795
0.87003
0.85854
0.8634
0.86361
0.86933
0.8746
0.8639
0.8569
0.8485
0.86202
0.86505
0.87389
0.86727
0.85715
0.86669
0.85931
0.86307
0.86017
0.8612
0.86532
0.86096
0.86273
0.8603
0.87608
0.85817
0.86468
0.86315
0.86058
0.8671
0.85672
0.87549
0.85431
0.86854
0.85883
0.87346
0.8614
0.85908
0.86159
0.86274
0.86377
0.85905
0.86639
0.87229
0.86167
0.86918
0.85761
0.86326
0.87172
0.86802
0.86031
0.87287
0.86058
0.86952
0.85889
0.86892
0.86907
0.86628
0.86005
0.87047
0
0
0
