0.7
0.87248
0.86509
0.85199
0.87653
0.8564
0.85598
0.86844
0.87944
0.86375
0.86828
0.87275
0.86072
0.8664
0.8645
0.86345
0.87894
0.85977
0.87078
0.86232
0.86378
0.86128
0.8738
0.86266
0.86515
0.86921
0.86575
0.86038
0.86747
0.86577
0.87735
0.86175
0.87526
0.86842
0.86557
0.86773
0.86498
0.86366
0.86244
0.86598
0.87518
0.85535
0.87385
0.83981
0.87028
0.8732
0.85866
0.86765
0.8603
0.87208
0.86077
0.8657
0.87891
0.86717
0.8653
0.85786
0.88376
0.86588
0.86463
0.85906
0.87704
0.85931
0.87974
0.86244
0.86228
0.84694
0.86996
0.8638
0.86203
0.86508
0.86858
0.86722
0.86412
0.86844
0.86598
0.86706
0.86788
0.87492
0.8634
0.86833
0.85964
0.8721
0.87077
0.87138
0.85415
0.85012
0.86576
0.86196
0.86925
0.86161
0.86716
0.86352
0.87878
0.86444
0.86703
0.85946
0.86835
0.86526
0.86865
0.86489
0.86981
0.86478
0.86696
0.86498
0.86744
0.86341
0.86108
0.87024
0.88099
0.8433
0.86789
0.86953
0.87172
0.87001
0.87101
0.8555
0.87013
0.86609
0.87678
0.86653
0.86614
0.86442
0.86034
0.86404
0.86836
0.87208
0.86219
0.86568
0.86923
0.86397
0.86985
0.86144
0.87021
0.87409
0.86022
0.87093
0.86363
0.87031
0.87062
0.86743
0.87722
0.86424
0.8735
0.8645
0.86081
0.86659
0.86614
0.86706
0.86898
0.87222
0.86261
0.85847
0.87149
0.86014
0.8642
0.86464
0.86633
0.86676
0.86385
0.87149
0.87016
0.83867
0.86159
0.86784
0.87156
0.86961
0.87345
0.87023
0.87086
0.8695
0.87262
0.86385
0.86775
0.8622
0.86957
0.86151
0.85524
0.87374
0.87832
0.85806
0.86522
0.86231
0.87031
0.86518
0.87103
0.86575
0.86897
0.86829
0.87815
0.8633
0.86899
0.85806
0.87083
0.85784
0.86578
0.87247
0.86868
0.87562
0.87166
0.87544
0.85161
0.86614
0.87436
0.8644
0.87796
0.86489
0.87777
0.86397
0.84904
0.8817
0.85083
0.85802
0.87603
0.86532
0.86608
0.87306
0.86572
0.86464
0.87062
0.86469
0.86671
0.86128
0.87957
0.85948
0.86237
0.87335
0.87395
0.86785
0.86745
0.86827
0.86573
0.86348
0.87036
0.87533
0.85988
0.87428
0.89001
0.85521
0.86814
0.87241
0.86624
0.85789
0.87107
0.86271
0.85163
0.87179
0.86295
0.87649
0.86651
0.8731
0.87128
0.87755
0.86416
0.87243
0.85576
0.87281
0.86734
0.86687
0.87106
0.86886
0.86887
0.8593
0.87689
0.86454
0.86777
0.86289
0.88029
0.86348
0.86956
0.86248
0.86836
0.86038
0.87088
0.86097
0.87041
0.8621
0.87327
0.86453
0.86403
0.86376
0.86972
0.86193
0.86615
0.87187
0.86904
0.85044
0.87583
0.86791
0
0
0
0
