0.7
0.85251
0.89058
0.85443
0.87688
0.87234
0.8594
0.86518
0.86727
0.87852
0.86843
0.87677
0.85231
0.86427
0.87101
0.87223
0.86311
0.8714
0.86358
0.87117
0.86437
0.86643
0.87533
0.86409
0.87429
0.86116
0.87587
0.8793
0.86644
0.86918
0.86461
0.86537
0.86785
0.86799
0.8629
0.86933
0.86161
0.87687
0.86164
0.8699
0.86504
0.87459
0.86143
0.8789
0.85698
0.87957
0.85923
0.87956
0.86168
0.87886
0.86947
0.86647
0.86369
0.86419
0.86202
0.84811
0.87028
0.88058
0.86588
0.87426
0.85999
0.86971
0.86779
0.86383
0.87629
0.86088
0.87175
0.86752
0.87268
0.87236
0.85961
0.85766
0.85317
0.88114
0.86784
0.8826
0.86348
0.86864
0.85037
0.86874
0.86685
0.86681
0.8659
0.86966
0.86853
0.86199
0.87269
0.86132
0.86762
0.87527
0.86827
0.878
0.8678
0.87085
0.86931
0.86651
0.86881
0.86456
0.8617
0.88405
0.86341
0.88014
0.86105
0.87369
0.87177
0.8494
0.87731
0.86195
0.87303
0.8663
0.87566
0.85144
0.88097
0.85691
0.88056
0.86016
0.87429
0.86044
0.87854
0.86772
0.84438
0.88345
0.85851
0.85232
0.87797
0.85765
0.87544
0.85438
0.87845
0.85779
0.86833
0.8642
0.87365
0.8647
0.87025
0.85664
0.87234
0.864
0.86699
0.86381
0.87328
0.85292
0.87296
0.86238
0.87441
0.85831
0.87224
0.86654
0.86402
0.86662
0.85934
0.86099
0.87447
0.8572
0.8744
0.85233
0.8708
0.86067
0.87692
0.85579
0.87338
0.86409
0.87386
0.86128
0.87297
0.86968
0.86255
0.86069
