-1.5708
-1.5708
-1.5708
-1.5708
3.1416
1.5708
1.5708
1.5708
1.5708
1.5708
1.5708
1.5708
1.5708
1.5708
1.5708
1.5708
1.5708
1.5708
1.5708
1.5708
1.5708
1.5708
1.5708
1.5708
1.5708
1.5708
1.5708
1.5708
1.5708
1.5708
1.5708
1.5708
1.5708
1.5708
1.5708
1.5708
1.5708
1.5708
1.5708
1.5708
1.5708
1.5708
1.5708
1.5708
1.5708
1.5708
1.5708
1.5708
1.5708
1.5708
1.5708
1.5708
1.5708
1.5708
1.5708
1.5708
1.5708
1.5708
1.5708
1.5708
1.5708
0
0
0
0
0
0
0
0
0
0
0
0
0
0
0
0
0
0
0
0
0
0
0
0
0
0
0
0
0
0
0
0
0
0
0
0
0
0
0
0
0
1.5708
1.5708
1.5708
1.5708
1.5708
1.5708
1.5708
1.5708
1.5708
1.5708
1.5708
1.5708
1.5708
1.5708
1.5708
1.5708
1.5708
1.5708
1.5708
1.5708
1.5708
1.5708
1.5708
1.5708
1.5708
1.5708
1.5708
1.5708
1.5708
1.5708
1.5708
0
0
0
0
0
0
0
0
0
0
0
0
0
0
0
0
0
0
0
0
0
0
0
0
0
0
0
0
0
0
0
0
0
0
0
0
0
0
0
0
0
0
0
0
0
0
0
0
0
0
0
0
0
0
0
0
0
0
0
0
0
0
0
0
0
0
0
0
0
0
0
0
0
0
0
0
0
0
0
0
0
1.5708
1.5708
1.5708
1.5708
1.5708
1.5708
1.5708
1.5708
1.5708
1.5708
1.5708
1.5708
1.5708
1.5708
1.5708
1.5708
1.5708
1.5708
1.5708
1.5708
1.5708
1.5708
1.5708
1.5708
1.5708
1.5708
1.5708
1.5708
1.5708
1.5708
1.5708
1.5708
1.5708
1.5708
1.5708
1.5708
1.5708
1.5708
1.5708
1.5708
1.5708
1.5708
1.5708
1.5708
1.5708
1.5708
1.5708
1.5708
1.5708
1.5708
1.5708
1.5708
1.5708
1.5708
1.5708
1.5708
1.5708
1.5708
1.5708
1.5708
1.5708
1.5708
1.5708
1.5708
1.5708
1.5708
1.5708
1.5708
1.5708
1.5708
1.5708
1.5708
1.5708
1.5708
1.5708
1.5708
1.5708
1.5708
1.5708
1.5708
1.5708
1.5708
1.5708
1.5708
1.5708
1.5708
1.5708
1.5708
1.5708
1.5708
1.5708
1.5708
1.5708
1.5708
1.5708
1.5708
1.5708
1.5708
1.5708
1.5708
1.5708
1.5708
1.5708
1.5708
1.5708
1.5708
1.5708
1.5708
1.5708
1.5708
1.5708
1.5708
1.5708
1.5708
1.5708
1.5708
1.5708
1.5708
1.5708
1.5708
1.5708
1.5708
1.5708
1.5708
1.5708
1.5708
1.5708
1.5708
1.5708
1.5708
1.5708
1.5708
1.5708
1.5708
1.5708
1.5708
1.5708
1.5708
1.5708
1.5708
1.5708
1.5708
1.5708
1.5708
1.5708
1.5708
1.5708
1.5708
1.5708
1.5708
1.5708
1.5708
1.5708
1.5708
1.5708
1.5708
1.5708
1.5708
1.5708
1.5708
1.5708
1.5708
1.5708
1.5708
1.5708
1.5708
1.5708
1.5708
1.5708
1.5708
1.5708
1.5708
1.5708
1.5708
1.5708
1.5708
1.5708
1.5708
1.5708
1.5708
1.5708
1.5708
1.5708
1.5708
1.5708
1.5708
1.5708
1.5708
1.5708
1.5708
1.5708
1.5708
1.5708
1.5708
1.5708
1.5708
1.5708
1.5708
1.5708
1.5708
1.5708
1.5708
1.5708
1.5708
1.5708
1.5708
1.5708
1.5708
1.5708
1.5708
1.5708
1.5708
1.5708
1.5708
1.5708
1.5708
1.5708
1.5708
1.5708
1.5708
1.5708
1.5708
1.5708
1.6135
0.69131
0.50779
0.37065
0.48989
0.47458
0.6235
0.73269
0.77205
0.85702
0.84724
0.92863
0.95745
1.0792
1.0189
1.0688
1.164
1.2167
1.2672
1.3921
1.4052
1.4597
1.5094
1.5761
1.5844
1.7036
1.666
1.781
1.8339
1.9698
1.8855
2.0247
1.9567
2.032
1.9981
2.0164
2.0709
2.1657
2.1673
2.253
2.2663
2.3909
2.471
2.5538
2.5915
2.6491
2.7039
2.6743
2.6793
2.7203
2.841
2.8769
2.8965
2.9282
3.0187
3.0787
3.1239
-3.1264
-3.0632
-3.0299
-3.0118
-2.9649
-2.8694
-2.7928
-2.7834
-2.6585
-2.6503
-2.6298
-2.582
-2.4723
-2.5081
-2.4459
-2.4678
-2.4003
-2.3596
-2.2438
-2.2929
-2.1406
-2.1572
-2.0454
-2.0138
-1.9878
-1.9581
-2.0323
-2.0164
-1.8122
-1.7973
-1.75
-1.5786
-1.6207
-1.5384
-1.5577
-1.3728
-1.4051
-1.253
-1.2862
-1.0862
-1.2511
-1.0954
-1.2007
-0.94425
-1.0877
-0.90013
-0.95368
-0.76389
-0.7727
-0.60226
-0.71078
-0.58394
-0.5809
-0.4198
-0.53649
-0.41507
-0.41327
-0.22785
-0.32681
-0.1918
-0.25042
-0.20499
-0.39294
-0.68744
-1.1274
-1.1997
-1.4999
-1.3359
-1.5382
-1.4704
-1.5832
-1.4971
-1.638
-1.4345
-1.5604
-1.4851
-1.5206
-1.4812
-1.5132
-1.4842
-1.4454
-1.4263
-1.3324
-1.3994
1.4674
1.5885
1.6353
1.6115
1.6822
