-1.3609
-1.3356
3.1064
1.3499
1.4266
1.4219
1.6574
1.6794
1.6443
1.6257
1.6972
1.6824
1.6105
1.5575
1.4837
1.5712
1.5517
1.5923
1.5882
1.54
1.4731
1.464
1.2276
0.81686
0.41717
0.19992
0.30428
0.28791
0.32557
0.39045
0.54673
0.61146
0.61904
0.64363
0.73939
0.74226
0.80366
0.94248
0.96373
1.043
1.01
1.1272
1.1131
1.1803
1.1544
1.2718
1.2182
1.3212
1.3674
1.4177
1.4027
1.4718
1.6708
1.6321
1.6674
1.7524
1.7494
1.8852
1.8852
1.9191
1.9698
2.0104
2.0598
2.1259
2.1743
2.2605
2.3007
2.3208
2.3625
2.4105
2.4539
2.5009
2.5771
2.6749
2.6783
2.7245
2.7973
2.8592
2.8773
2.969
2.9965
3.0582
3.0733
3.105
-3.0827
-3.0337
-3.0475
-3.038
-2.9893
-2.9399
-2.9064
-2.8161
-2.7454
-2.6594
-2.6222
-2.5406
-2.5014
-2.4767
-2.4865
-2.3363
-2.3682
-2.2906
-2.348
-2.1946
-2.255
-2.2026
-2.1728
-2.0142
-2.0633
-1.8938
-1.9486
-1.815
-1.8938
-1.6833
-1.6684
-1.5995
-1.6171
-1.5461
-1.563
-1.3944
-1.426
-1.2984
-1.285
-1.2189
-1.2065
-1.0593
-1.1198
-1.0286
-1.061
-0.91292
-0.92967
-0.83907
-0.8673
-0.75346
-0.75003
-0.584
-0.63199
-0.51999
-0.49223
-0.38369
-0.36553
-0.29562
-0.29051
-0.15451
-0.26177
-0.10764
-0.14145
-0.10911
-0.19556
-0.12435
-0.20859
-0.66756
-1.3264
-1.3821
-1.5238
-1.4621
-1.6173
-1.5974
-1.6269
-1.5403
-1.6723
-1.5804
-1.628
-1.4453
-1.4058
-1.3873
-1.5222
-1.4228
-1.5047
-1.4316
-1.5341
-1.3636
1.7323
1.6733
