1.5127
1.5402
1.6281
1.6017
1.6221
1.5718
1.5409
1.585
1.6047
1.6057
1.589
1.5863
1.5831
1.5912
1.603
1.592
1.6036
1.6188
1.5456
1.5491
1.6089
1.5788
1.5893
1.5056
1.4413
1.4421
1.314
1.0973
0.8329
0.62263
0.59274
0.51444
0.4994
0.56738
0.58728
0.60944
0.63396
0.54272
0.55145
0.59132
0.64003
0.69282
0.74668
0.73267
0.74029
0.78797
0.80415
0.80093
0.89329
0.88329
0.93476
0.9531
1.0136
1.0647
1.2362
1.2691
1.3433
1.4098
1.4255
1.5092
1.5999
1.6291
1.5974
1.6504
1.639
1.7833
1.7654
1.8935
1.851
1.9688
2.0233
2.0536
2.1685
2.2186
2.3009
2.4158
2.3987
2.4696
2.5488
2.6178
2.653
2.7453
2.7488
2.7987
2.7971
2.6968
2.7454
2.8798
2.8737
2.9097
2.9258
3.0348
3.0385
-3.0972
-3.0336
-2.9395
-2.9264
-2.8004
-2.7447
-2.7055
-2.6964
-2.6106
-2.602
-2.5386
-2.4763
-2.4431
-2.4431
-2.3019
-2.2886
-2.1688
-2.1819
-2.1134
-2.0714
-2.054
-1.9825
-1.9639
-1.9811
-1.9412
-1.8784
-1.8007
-1.7309
-1.6774
-1.6208
-1.6207
-1.5804
-1.5115
-1.4241
-1.3625
-1.345
-1.329
-1.2302
-1.1913
-1.1805
-1.153
-1.0644
-1.0781
-1.0161
-0.94089
-0.88969
-0.8522
-0.71237
-0.72921
-0.68485
-0.64864
-0.60532
-0.59829
-0.55947
-0.55282
-0.4795
-0.45865
-0.38744
-0.40961
-0.36875
-0.28722
-0.25372
-0.30784
-0.37749
-0.66336
-1.1748
-1.4437
-1.4519
-1.4589
-1.4229
-1.5196
-1.6005
-1.5678
-1.5662
-1.5265
-1.5638
-1.502
-1.5544
-1.5541
-1.5251
-1.4849
-1.4752
