0.67373
0.65348
0.90797
1.23
1.8075
1.4711
1.8573
1.85
1.7706
1.8264
1.8347
1.8536
1.704
1.7747
1.5987
1.753
1.5805
1.6929
1.5367
1.6823
1.5706
1.7071
1.5229
1.644
1.462
1.474
1.0689
0.94085
0.53625
0.58128
0.35649
0.44103
0.3483
0.5611
0.4653
0.65654
0.55196
0.72857
0.61859
0.86236
0.73708
0.95924
0.85057
1.039
0.92003
1.1709
1.0681
1.2414
1.0538
1.2619
1.1634
1.3854
1.2522
1.4298
1.3523
1.5164
1.454
1.6324
1.5446
1.7278
1.5899
1.8197
1.7086
1.8993
1.7813
1.9929
1.8821
2.0238
1.9664
2.1202
2.0036
2.2276
2.1594
2.3578
2.2823
2.5274
2.4047
2.5031
2.4542
2.5584
2.4853
2.6664
2.6315
2.8412
2.6828
2.8515
2.7544
2.9306
2.8141
2.9782
2.917
-3.1212
3.0516
-3.0317
3.0701
-3.0471
-3.0948
-2.9369
-3.0231
-2.8027
-2.8786
-2.7231
-2.8372
-2.6105
-2.6967
-2.5283
-2.6988
-2.4645
-2.5627
-2.3864
-2.4554
-2.3093
-2.4281
-2.2428
-2.363
-2.1809
-2.2181
-2.0075
-2.1275
-1.9786
-2.0727
-1.8942
-2.0332
-1.8224
-1.8764
-1.641
-1.7384
-1.5685
-1.7307
-1.521
-1.6797
-1.4421
-1.525
-1.3029
-1.4036
-1.1858
-1.3207
-1.1191
-1.2659
-1.0385
-1.1723
-0.93397
-1.044
-0.86173
-0.98057
-0.74626
-0.80795
-0.66764
-0.75629
-0.56816
-0.69454
-0.4628
-0.58092
-0.36049
-0.4662
-0.3555
-0.44421
-0.18627
-0.3096
-0.1066
-0.30049
-0.25305
-0.73537
-0.91087
-1.2917
-1.2524
-1.4418
-1.3743
-1.5857
-1.468
-1.6381
-1.4907
-1.6278
-1.5027
-1.6833
-1.5121
-1.6321
-1.4601
-1.5667
-1.5645
-1.6881
-1.5749
-1.5594
-1.2575
-1.7347
-2.386
-2.5687
