2.4873
2.5012
1.2474
1.3806
1.7005
1.5007
1.4747
1.4753
1.3811
1.5091
1.3612
1.8796
1.2647
1.9267
1.7317
1.3362
1.9335
1.5703
1.8624
1.4467
1.6247
0.5859
0.93538
-0.1206
0.5922
-0.13367
0.75241
0.16242
0.88347
0.46825
1.0147
0.44992
1.0375
0.40267
1.1466
0.61524
1.2315
0.58112
1.3913
0.66964
1.5202
0.64094
1.3527
0.80632
1.5183
1.1878
1.5563
1.1639
1.4898
1.3027
1.6372
1.5806
1.5426
1.6038
1.7274
1.7415
2.0199
1.662
2.2729
1.7657
2.2305
1.8135
2.2908
1.722
2.3866
1.9424
2.3361
2.084
2.4249
1.9948
2.4243
2.6337
2.6267
2.2142
2.692
2.3215
2.905
2.4248
2.9516
2.5486
3.0483
2.7033
3.1269
2.7801
-3.1197
2.8177
-2.9956
3.0368
-2.9178
3.1342
-2.9547
2.9965
-2.8431
-2.9776
-2.7698
-2.935
-2.7274
-2.9578
-2.5683
-2.7833
-2.4922
-2.7976
-2.4087
-2.7276
-2.2187
-2.2201
-2.4059
-2.1451
-2.3595
-2.0362
-2.2628
-1.9609
-2.2485
-1.8875
-2.1947
-1.7991
-2.177
-1.7337
-2.0769
-1.5053
-1.6009
-1.7542
-1.4642
-1.727
-1.4019
-1.6351
-1.3486
-1.5442
-1.3902
-1.4321
-1.2848
-1.379
-1.0592
-1.4968
-0.94137
-1.2162
-0.80091
-1.0207
-0.57511
-0.7609
-0.66331
-0.69002
-0.55786
-0.72173
-0.493
-0.60283
-0.29444
-0.44808
-0.28884
-0.98013
-0.97213
-1.2406
-1.2118
-1.6872
-1.3983
-1.7837
-1.3934
-1.9653
-1.3478
-2.0921
-1.6442
-1.7644
-1.8223
-1.8427
-1.9472
-1.9981
-1.9077
-1.9747
-1.7276
-2.2029
-2.1201
-2.0853
