1.5708
1.5708
1.5708
1.5708
1.5708
1.5708
1.5708
1.5708
1.5708
1.5708
1.5708
1.5708
1.5708
1.5708
1.5708
1.5708
1.5708
1.5708
1.5708
1.5708
1.5708
1.5708
1.5708
1.5708
1.5708
1.5708
1.5708
1.5708
1.5708
1.5708
1.5708
1.5708
1.5708
1.5708
1.5708
1.5708
1.5708
1.5708
1.5708
1.5708
1.5708
1.5708
1.5708
1.5708
1.5708
1.5708
1.5708
1.5708
1.5708
1.5708
1.5708
1.5708
1.5708
1.5708
1.5708
1.5708
1.5708
1.5708
1.5708
1.5708
1.5708
1.5708
1.5708
0
0
0
0
0
0
0
0
0
0
0
0
0
0
0
0
0
0
0
0
0
0
0
0
0
0
0
0
0
0
0
0
0
0
0
0
0
0
1.5708
1.5708
1.5708
1.5708
1.5708
1.5708
1.5708
1.5708
1.5708
1.5708
1.5708
1.5708
1.5708
1.5708
1.5708
1.5708
1.5708
1.5708
1.5708
1.5708
1.5708
1.5708
1.5708
1.5708
1.5708
1.5708
1.5708
1.5708
1.5708
1.5708
1.5708
1.5708
1.5708
0
0
0
0
0
0
0
0
0
0
0
0
0
0
0
0
0
0
0
0
0
0
0
0
0
0
0
0
0
0
0
0
0
0
0
0
-1.5708
0
0
0
0
0
0
0
0
0
0
0
0
0
0
0
0
0
-1.5708
0
0
0
0
0
0
0
0
0
0
0
0
0
0
0
0
0
0
0
0
0
0
0
0
0
1.5708
0
1.5708
1.5708
1.5708
1.5708
1.5708
1.5708
1.5708
1.5708
1.5708
1.5708
1.5708
1.5708
1.5708
1.5708
1.5708
1.5708
1.5708
1.5708
1.5708
1.5708
1.5708
1.5708
1.5708
1.5708
1.5708
1.5708
1.5708
1.5708
1.5708
1.5708
1.5708
1.5708
1.5708
1.5708
1.5708
1.5708
1.5708
1.5708
1.5708
1.5708
1.5708
1.5708
1.5708
1.5708
1.5708
1.5708
1.5708
1.5708
1.5708
1.5708
1.5708
1.5708
1.5708
1.5708
1.5708
1.5708
1.5708
1.5708
1.5708
1.5708
1.5708
1.5708
1.5708
1.5708
1.5708
1.5708
1.5708
1.5708
1.5708
1.5708
1.5708
1.5708
1.5708
1.5708
1.5708
1.5708
1.5708
1.5708
1.5708
1.5708
1.5708
1.5708
1.5708
1.5708
1.5708
1.5708
1.5708
1.5708
1.5708
1.5708
1.5708
1.5708
1.5708
1.5708
1.5708
1.5708
1.5708
1.5708
1.5708
1.5708
1.5708
1.5708
1.5708
1.5708
1.5708
1.5708
1.5708
1.5708
1.5708
1.5708
1.5708
1.5708
1.5708
1.5708
1.5708
1.5708
1.5708
1.5708
1.5708
1.5708
1.5708
1.5708
1.5708
1.5708
1.5708
1.5708
1.5708
1.5708
1.5708
1.5708
1.5708
1.5708
1.5708
1.5708
1.5708
1.5708
1.5708
1.5708
1.5708
1.5708
1.5708
1.5708
1.5708
1.5708
1.5708
1.5708
1.5708
1.5708
1.5708
1.5708
1.5708
1.5708
1.5708
1.5708
1.5708
1.5708
1.5708
1.5708
1.5708
1.5708
1.5708
1.5708
1.5708
1.5708
1.5708
1.5708
1.5708
1.5708
1.5708
1.5708
1.5708
1.5708
1.5708
1.5708
1.5708
1.5708
1.5708
1.5708
1.5708
1.5708
1.5708
1.5708
1.5708
1.5708
1.5708
1.5708
1.5708
1.5708
1.5708
1.5708
1.5708
1.5708
1.5708
1.5708
1.5708
1.5708
1.5708
1.5708
1.5708
1.5708
1.5708
1.5708
1.5708
1.5708
1.5708
1.5708
1.5708
1.5708
1.5708
1.5708
1.5708
1.5708
1.5708
1.5708
1.5708
1.5708
1.5708
1.5708
1.5708
1.5708
1.5708
1.8823
1.8145
1.3174
1.0924
0.92564
0.90277
0.96209
0.73215
1.0461
0.86579
1.081
0.80413
1.05
1.0965
0.94467
1.3245
0.98077
1.4908
1.0906
1.3994
1.3904
1.4862
1.6052
1.5056
1.8121
1.5924
1.8296
1.7288
1.7684
1.789
2.0232
1.752
1.9466
1.8142
2.1832
1.8414
2.1856
1.951
2.2228
1.9284
2.2904
1.9713
2.2889
2.0487
2.3728
2.0875
2.4818
2.2611
2.5042
2.3008
2.5738
2.3594
2.669
2.5162
2.7321
2.5609
2.7407
2.4818
2.7079
2.6479
2.8576
2.7628
2.9815
2.7367
3.0897
2.9142
-3.0766
2.9063
-3.0204
3.0607
-2.9291
2.9952
-2.8137
-2.7227
-2.9966
-2.6531
-2.8408
-2.6437
-2.8429
-2.4789
-2.9031
-2.4091
-2.801
-2.4223
-2.6337
-2.5086
-2.6395
-2.4293
-2.6654
-2.3337
-2.4074
-2.1573
-2.3567
-2.0399
-2.3281
-2.1322
-2.308
-1.7693
-2.1
-1.7477
-2.0603
-1.5454
-2.0195
-1.3323
-2.1455
-1.265
-2.0309
-1.2914
-1.8218
-1.3
-1.7744
-1.3431
-1.7824
-1.165
-1.8709
-1.0293
-1.7518
-0.97651
-1.9034
-0.75497
-0.60163
-1.0508
-1.0691
-2.0642
-1.4231
-2.2734
-1.6361
-1.9832
-1.7316
-2.4072
-1.5577
-2.1464
-2.0734
-2.1491
-2.1469
-2.1817
-2.0952
-2.314
-2.0812
-2.5048
-1.5888
-2.2301
-1.643
-1.8722
-1.7482
-1.709
-1.678
-1.6338
-1.6585
-1.9776
-1.6553
-1.6526
-1.655
