1.6473
1.6461
1.7394
1.7127
1.7366
1.679
1.735
1.7189
1.7394
1.7441
1.777
1.6887
1.6958
1.7809
1.6709
1.7569
1.6602
1.7262
1.6371
1.7442
1.6979
1.7511
1.6548
1.6145
1.512
1.5924
1.3646
1.1204
0.80268
0.72519
0.60375
0.63223
0.58303
0.65711
0.67544
0.71234
0.68061
0.70252
0.61043
0.68983
0.69955
0.82721
0.74747
0.8786
0.78703
0.89877
0.8803
0.99071
0.95941
1.0899
1.0632
1.1083
1.1348
1.2935
1.3029
1.4573
1.6034
1.5081
1.7409
1.7143
1.8029
1.7019
1.8636
1.796
1.9628
1.8722
2.0986
2.0012
2.2007
2.082
2.3316
2.4176
2.5724
2.496
2.6726
2.6374
2.7454
2.7755
2.8514
2.9706
2.8756
2.9527
2.8165
3.0279
2.9055
3.1169
3.1108
-3.0437
3.1394
-2.8669
-2.9379
-2.7877
-2.79
-2.6653
-2.672
-2.547
-2.6078
-2.4698
-2.5582
-2.3575
-2.3277
-2.281
-2.344
-2.169
-2.197
-2.138
-1.985
-2.0158
-1.8984
-2.0362
-1.8491
-1.9408
-1.7285
-1.8396
-1.6476
-1.6877
-1.5316
-1.5779
-1.4207
-1.4337
-1.3617
-1.2698
-1.259
-1.2679
-1.1156
-1.1514
-1.0664
-1.0478
-0.96969
-0.92034
-0.83851
-0.82409
-0.71121
-0.68256
-0.62433
-0.69205
-0.54751
-0.5487
-0.50365
-0.51204
-0.40529
-0.41836
-0.34194
-0.3638
-0.2927
-0.28994
-0.18571
-0.19168
-0.17168
-0.42231
-0.87029
-1.295
-1.3575
-1.4151
-1.3784
-1.4554
-1.3975
-1.5526
-1.4289
-1.5315
-1.4583
-1.5171
-1.425
-1.5191
-1.3863
-1.4671
-1.3747
-1.4646
