1.5708
1.5708
1.5708
1.5708
1.5708
1.5708
1.5708
1.5708
1.5708
1.5708
1.5708
1.5708
1.5708
1.5708
1.5708
1.5708
1.5708
1.5708
1.5708
1.5708
1.5708
1.5708
1.5708
1.5708
1.5708
1.5708
1.5708
1.5708
1.5708
1.5708
1.5708
1.5708
1.5708
1.5708
1.5708
1.5708
1.5708
1.5708
1.5708
1.5708
1.5708
1.5708
1.5708
1.5708
1.5708
1.5708
1.5708
1.5708
1.5708
1.5708
1.5708
1.5708
1.5708
1.5708
1.5708
1.5708
1.5708
1.5708
0
0
0
0
0
0
0
0
0
0
0
0
0
0
0
0
0
0
0
0
0
0
0
0
0
0
0
0
0
0
0
0
0
0
0
0
0
0
0
1.5708
1.5708
1.5708
1.5708
1.5708
1.5708
1.5708
1.5708
1.5708
1.5708
1.5708
1.5708
1.5708
1.5708
1.5708
1.5708
1.5708
1.5708
1.5708
1.5708
1.5708
1.5708
1.5708
1.5708
1.5708
1.5708
1.5708
1.5708
1.5708
1.5708
0
0
0
0
0
0
0
0
0
0
0
0
0
0
0
0
0
0
0
0
0
0
0
0
0
0
0
0
0
0
0
0
0
0
0
0
0
0
0
0
0
0
0
0
0
0
0
0
0
0
0
0
0
0
0
0
0
0
0
0
0
0
0
0
0
0
0
0
0
0
0
0
0
0
0
0
1.5708
1.5708
1.5708
1.5708
1.5708
1.5708
1.5708
1.5708
1.5708
1.5708
1.5708
1.5708
1.5708
1.5708
1.5708
1.5708
1.5708
1.5708
1.5708
1.5708
1.5708
1.5708
1.5708
1.5708
1.5708
1.5708
1.5708
1.5708
1.5708
1.5708
1.5708
1.5708
1.5708
1.5708
1.5708
1.5708
1.5708
1.5708
1.5708
1.5708
1.5708
1.5708
1.5708
1.5708
1.5708
1.5708
1.5708
1.5708
1.5708
1.5708
1.5708
1.5708
1.5708
1.5708
1.5708
1.5708
1.5708
1.5708
1.5708
1.5708
1.5708
1.5708
1.5708
1.5708
1.5708
1.5708
1.5708
1.5708
1.5708
1.5708
1.5708
1.5708
1.5708
1.5708
1.5708
1.5708
1.5708
1.5708
1.5708
1.5708
1.5708
1.5708
1.5708
1.5708
1.5708
1.5708
1.5708
1.5708
1.5708
1.5708
1.5708
1.5708
1.5708
1.5708
1.5708
1.5708
1.5708
1.5708
1.5708
1.5708
1.5708
1.5708
1.5708
1.5708
1.5708
1.5708
1.5708
1.5708
1.5708
1.5708
1.5708
1.5708
1.5708
1.5708
1.5708
1.5708
1.5708
1.5708
1.5708
1.5708
1.5708
1.5708
1.5708
1.5708
1.5708
1.5708
1.5708
1.5708
1.5708
1.5708
1.5708
1.5708
1.5708
1.5708
1.5708
1.5708
1.5708
1.5708
1.5708
1.5708
1.5708
1.5708
1.5708
1.5708
1.5708
1.5708
1.5708
1.5708
1.5708
1.5708
1.5708
1.5708
1.5708
1.5708
1.5708
1.5708
1.5708
1.5708
1.5708
1.5708
1.5708
1.5708
1.5708
1.5708
1.5708
1.5708
1.5708
1.5708
1.5708
1.5708
1.5708
1.5708
1.5708
1.5708
1.5708
1.5708
1.5708
1.5708
1.5708
1.5708
1.5708
1.5708
1.5708
1.5708
1.5708
1.5708
1.5708
1.5708
1.5708
1.5708
1.5708
1.5708
1.5708
1.5708
1.5708
1.5708
1.5708
1.5708
1.5708
1.5708
1.5708
1.5708
1.5708
1.5708
1.5708
1.5708
1.5708
1.5708
1.5708
1.5708
1.7204
1.6277
1.5621
1.017
0.55553
0.52235
0.53375
0.52177
0.55543
0.63982
0.60763
0.75123
0.72376
0.80243
0.82331
0.82989
0.88705
0.97348
1.0044
1.0196
0.97841
1.0168
1.0754
1.1649
1.1333
1.2054
1.2411
1.3661
1.3619
1.5369
1.6708
1.5536
1.6326
1.65
1.7318
1.7688
1.8475
1.8839
1.9148
1.9327
2.0359
2.0181
2.1142
2.07
2.1916
2.196
2.2838
2.382
2.36
2.5119
2.447
2.6202
2.6217
2.5936
2.7887
2.7116
2.8175
2.7646
2.8285
2.9987
2.9953
3.0494
3.0047
3.1224
-2.9972
-3.0792
-2.9443
-2.7664
-2.8175
-2.6902
-2.76
-2.5817
-2.5424
-2.4683
-2.5014
-2.3918
-2.4616
-2.3749
-2.3868
-2.2143
-2.2657
-2.1503
-2.1944
-2.0428
-2.0173
-1.8114
-1.7568
-1.7826
-1.892
-1.6386
-1.7433
-1.5812
-1.5435
-1.4635
-1.5123
-1.339
-1.4149
-1.2963
-1.1676
-1.1939
-1.1
-1.1732
-0.90243
-0.98769
-0.88941
-0.74336
-0.74046
-0.66077
-0.61259
-0.52365
-0.53814
-0.31662
-0.30693
-0.18854
-0.18454
-0.13354
-0.21031
-0.29028
-0.5659
-1.0385
-1.4975
-1.5368
-1.5972
-1.5196
-1.6334
-1.5736
-1.7203
-1.5989
-1.6887
-1.6611
-1.7127
-1.6074
-1.6836
-1.6186
-1.832
-1.5776
-1.6535
-1.619
